0 1 2 3
1 2 3 4
1 2 3 4
2 3 4 5
2 3 4 5
3 4 5 6
3 4 5 6
4 5 6 7
4 5 6 7
5 6 7 8
5 6 7 8
6 7 8 9
6 7 8 9
7 8 9 10
7 8 9 10
8 9 10 11
8 9 10 11
9 10 11 12
9 10 11 12
10 11 12 13
10 11 12 13
11 12 13 14
11 12 13 14
12 13 14 15
12 13 14 15
13 14 15 16
13 14 15 16
14 15 16 17
14 15 16 17
15 16 17 18
15 16 17 18
16 17 18 19
20 21 22 23
21 22 23 24
21 22 23 24
22 23 24 25
22 23 24 25
23 24 25 26
23 24 25 26
24 25 26 27
24 25 26 27
25 26 27 28
25 26 27 28
26 27 28 29
26 27 28 29
27 28 29 30
27 28 29 30
28 29 30 31
28 29 30 31
29 30 31 32
29 30 31 32
30 31 32 33
30 31 32 33
31 32 33 34
31 32 33 34
32 33 34 35
32 33 34 35
33 34 35 36
33 34 35 36
34 35 36 37
34 35 36 37
35 36 37 38
35 36 37 38
36 37 38 39
40 41 42 43
41 42 43 44
41 42 43 44
42 43 44 45
42 43 44 45
43 44 45 46
43 44 45 46
44 45 46 47
44 45 46 47
45 46 47 48
45 46 47 48
46 47 48 49
46 47 48 49
47 48 49 50
47 48 49 50
48 49 50 51
48 49 50 51
49 50 51 52
49 50 51 52
50 51 52 53
50 51 52 53
51 52 53 54
51 52 53 54
52 53 54 55
52 53 54 55
53 54 55 56
53 54 55 56
54 55 56 57
54 55 56 57
55 56 57 58
55 56 57 58
56 57 58 59
60 61 62 63
61 62 63 64
61 62 63 64
62 63 64 65
62 63 64 65
63 64 65 66
63 64 65 66
64 65 66 67
64 65 66 67
65 66 67 68
65 66 67 68
66 67 68 69
66 67 68 69
67 68 69 70
67 68 69 70
68 69 70 71
68 69 70 71
69 70 71 72
69 70 71 72
70 71 72 73
70 71 72 73
71 72 73 74
71 72 73 74
72 73 74 75
72 73 74 75
73 74 75 76
73 74 75 76
74 75 76 77
74 75 76 77
75 76 77 78
75 76 77 78
76 77 78 79
80 81 82 83
81 82 83 84
81 82 83 84
82 83 84 85
82 83 84 85
83 84 85 86
83 84 85 86
84 85 86 87
84 85 86 87
85 86 87 88
85 86 87 88
86 87 88 89
86 87 88 89
87 88 89 90
87 88 89 90
88 89 90 91
88 89 90 91
89 90 91 92
89 90 91 92
90 91 92 93
90 91 92 93
91 92 93 94
91 92 93 94
92 93 94 95
92 93 94 95
93 94 95 96
93 94 95 96
94 95 96 97
94 95 96 97
95 96 97 98
95 96 97 98
96 97 98 99
100 101 102 103
101 102 103 104
101 102 103 104
102 103 104 105
102 103 104 105
103 104 105 106
103 104 105 106
104 105 106 107
104 105 106 107
105 106 107 108
105 106 107 108
106 107 108 109
106 107 108 109
107 108 109 110
107 108 109 110
108 109 110 111
108 109 110 111
109 110 111 112
109 110 111 112
110 111 112 113
110 111 112 113
111 112 113 114
111 112 113 114
112 113 114 115
112 113 114 115
113 114 115 116
113 114 115 116
114 115 116 117
114 115 116 117
115 116 117 118
115 116 117 118
116 117 118 119
120 121 122 123
121 122 123 124
121 122 123 124
122 123 124 125
122 123 124 125
123 124 125 126
123 124 125 126
124 125 126 127
124 125 126 127
125 126 127 128
125 126 127 128
126 127 128 129
126 127 128 129
127 128 129 130
127 128 129 130
128 129 130 131
128 129 130 131
129 130 131 132
129 130 131 132
130 131 132 133
130 131 132 133
131 132 133 134
131 132 133 134
132 133 134 135
132 133 134 135
133 134 135 136
133 134 135 136
134 135 136 137
134 135 136 137
135 136 137 138
135 136 137 138
136 137 138 139
140 141 142 143
141 142 143 144
141 142 143 144
142 143 144 145
142 143 144 145
143 144 145 146
143 144 145 146
144 145 146 147
144 145 146 147
145 146 147 148
145 146 147 148
146 147 148 149
146 147 148 149
147 148 149 150
147 148 149 150
148 149 150 151
148 149 150 151
149 150 151 152
149 150 151 152
150 151 152 153
150 151 152 153
151 152 153 154
151 152 153 154
152 153 154 155
152 153 154 155
153 154 155 156
153 154 155 156
154 155 156 157
154 155 156 157
155 156 157 158
155 156 157 158
156 157 158 159
160 161 162 163
161 162 163 164
161 162 163 164
162 163 164 165
162 163 164 165
163 164 165 166
163 164 165 166
164 165 166 167
164 165 166 167
165 166 167 168
165 166 167 168
166 167 168 169
166 167 168 169
167 168 169 170
167 168 169 170
168 169 170 171
168 169 170 171
169 170 171 172
169 170 171 172
170 171 172 173
170 171 172 173
171 172 173 174
171 172 173 174
172 173 174 175
172 173 174 175
173 174 175 176
173 174 175 176
174 175 176 177
174 175 176 177
175 176 177 178
175 176 177 178
176 177 178 179
180 181 182 183
181 182 183 184
181 182 183 184
182 183 184 185
182 183 184 185
183 184 185 186
183 184 185 186
184 185 186 187
184 185 186 187
185 186 187 188
185 186 187 188
186 187 188 189
186 187 188 189
187 188 189 190
187 188 189 190
188 189 190 191
188 189 190 191
189 190 191 192
189 190 191 192
190 191 192 193
190 191 192 193
191 192 193 194
191 192 193 194
192 193 194 195
192 193 194 195
193 194 195 196
193 194 195 196
194 195 196 197
194 195 196 197
195 196 197 198
195 196 197 198
196 197 198 199
200 201 202 203
201 202 203 204
201 202 203 204
202 203 204 205
202 203 204 205
203 204 205 206
203 204 205 206
204 205 206 207
204 205 206 207
205 206 207 208
205 206 207 208
206 207 208 209
206 207 208 209
207 208 209 210
207 208 209 210
208 209 210 211
208 209 210 211
209 210 211 212
209 210 211 212
210 211 212 213
210 211 212 213
211 212 213 214
211 212 213 214
212 213 214 215
212 213 214 215
213 214 215 216
213 214 215 216
214 215 216 217
214 215 216 217
215 216 217 218
215 216 217 218
216 217 218 219
220 221 222 223
221 222 223 224
221 222 223 224
222 223 224 225
222 223 224 225
223 224 225 226
223 224 225 226
224 225 226 227
224 225 226 227
225 226 227 228
225 226 227 228
226 227 228 229
226 227 228 229
227 228 229 230
227 228 229 230
228 229 230 231
228 229 230 231
229 230 231 232
229 230 231 232
230 231 232 233
230 231 232 233
231 232 233 234
231 232 233 234
232 233 234 235
232 233 234 235
233 234 235 236
233 234 235 236
234 235 236 237
234 235 236 237
235 236 237 238
235 236 237 238
236 237 238 239
240 241 242 243
241 242 243 244
241 242 243 244
242 243 244 245
242 243 244 245
243 244 245 246
243 244 245 246
244 245 246 247
244 245 246 247
245 246 247 248
245 246 247 248
246 247 248 249
246 247 248 249
247 248 249 250
247 248 249 250
248 249 250 251
248 249 250 251
249 250 251 252
249 250 251 252
250 251 252 253
250 251 252 253
251 252 253 254
251 252 253 254
252 253 254 255
252 253 254 255
253 254 255 256
253 254 255 256
254 255 256 257
254 255 256 257
255 256 257 258
255 256 257 258
256 257 258 259
260 261 262 263
261 262 263 264
261 262 263 264
262 263 264 265
262 263 264 265
263 264 265 266
263 264 265 266
264 265 266 267
264 265 266 267
265 266 267 268
265 266 267 268
266 267 268 269
266 267 268 269
267 268 269 270
267 268 269 270
268 269 270 271
268 269 270 271
269 270 271 272
269 270 271 272
270 271 272 273
270 271 272 273
271 272 273 274
271 272 273 274
272 273 274 275
272 273 274 275
273 274 275 276
273 274 275 276
274 275 276 277
274 275 276 277
275 276 277 278
275 276 277 278
276 277 278 279
280 281 282 283
281 282 283 284
281 282 283 284
282 283 284 285
282 283 284 285
283 284 285 286
283 284 285 286
284 285 286 287
284 285 286 287
285 286 287 288
285 286 287 288
286 287 288 289
286 287 288 289
287 288 289 290
287 288 289 290
288 289 290 291
288 289 290 291
289 290 291 292
289 290 291 292
290 291 292 293
290 291 292 293
291 292 293 294
291 292 293 294
292 293 294 295
292 293 294 295
293 294 295 296
293 294 295 296
294 295 296 297
294 295 296 297
295 296 297 298
295 296 297 298
296 297 298 299
300 301 302 303
301 302 303 304
301 302 303 304
302 303 304 305
302 303 304 305
303 304 305 306
303 304 305 306
304 305 306 307
304 305 306 307
305 306 307 308
305 306 307 308
306 307 308 309
306 307 308 309
307 308 309 310
307 308 309 310
308 309 310 311
308 309 310 311
309 310 311 312
309 310 311 312
310 311 312 313
310 311 312 313
311 312 313 314
311 312 313 314
312 313 314 315
312 313 314 315
313 314 315 316
313 314 315 316
314 315 316 317
314 315 316 317
315 316 317 318
315 316 317 318
316 317 318 319
320 321 322 323
321 322 323 324
321 322 323 324
322 323 324 325
322 323 324 325
323 324 325 326
323 324 325 326
324 325 326 327
324 325 326 327
325 326 327 328
325 326 327 328
326 327 328 329
326 327 328 329
327 328 329 330
327 328 329 330
328 329 330 331
328 329 330 331
329 330 331 332
329 330 331 332
330 331 332 333
330 331 332 333
331 332 333 334
331 332 333 334
332 333 334 335
332 333 334 335
333 334 335 336
333 334 335 336
334 335 336 337
334 335 336 337
335 336 337 338
335 336 337 338
336 337 338 339
340 341 342 343
341 342 343 344
341 342 343 344
342 343 344 345
342 343 344 345
343 344 345 346
343 344 345 346
344 345 346 347
344 345 346 347
345 346 347 348
345 346 347 348
346 347 348 349
346 347 348 349
347 348 349 350
347 348 349 350
348 349 350 351
348 349 350 351
349 350 351 352
349 350 351 352
350 351 352 353
350 351 352 353
351 352 353 354
351 352 353 354
352 353 354 355
352 353 354 355
353 354 355 356
353 354 355 356
354 355 356 357
354 355 356 357
355 356 357 358
355 356 357 358
356 357 358 359
360 361 362 363
361 362 363 364
361 362 363 364
362 363 364 365
362 363 364 365
363 364 365 366
363 364 365 366
364 365 366 367
364 365 366 367
365 366 367 368
365 366 367 368
366 367 368 369
366 367 368 369
367 368 369 370
367 368 369 370
368 369 370 371
368 369 370 371
369 370 371 372
369 370 371 372
370 371 372 373
370 371 372 373
371 372 373 374
371 372 373 374
372 373 374 375
372 373 374 375
373 374 375 376
373 374 375 376
374 375 376 377
374 375 376 377
375 376 377 378
375 376 377 378
376 377 378 379
380 381 382 383
381 382 383 384
381 382 383 384
382 383 384 385
382 383 384 385
383 384 385 386
383 384 385 386
384 385 386 387
384 385 386 387
385 386 387 388
385 386 387 388
386 387 388 389
386 387 388 389
387 388 389 390
387 388 389 390
388 389 390 391
388 389 390 391
389 390 391 392
389 390 391 392
390 391 392 393
390 391 392 393
391 392 393 394
391 392 393 394
392 393 394 395
392 393 394 395
393 394 395 396
393 394 395 396
394 395 396 397
394 395 396 397
395 396 397 398
395 396 397 398
396 397 398 399
0 20 40 60
20 40 60 80
20 40 60 80
40 60 80 100
40 60 80 100
60 80 100 120
60 80 100 120
80 100 120 140
80 100 120 140
100 120 140 160
100 120 140 160
120 140 160 180
120 140 160 180
140 160 180 200
140 160 180 200
160 180 200 220
160 180 200 220
180 200 220 240
180 200 220 240
200 220 240 260
200 220 240 260
220 240 260 280
220 240 260 280
240 260 280 300
240 260 280 300
260 280 300 320
260 280 300 320
280 300 320 340
280 300 320 340
300 320 340 360
300 320 340 360
320 340 360 380
1 21 41 61
21 41 61 81
21 41 61 81
41 61 81 101
41 61 81 101
61 81 101 121
61 81 101 121
81 101 121 141
81 101 121 141
101 121 141 161
101 121 141 161
121 141 161 181
121 141 161 181
141 161 181 201
141 161 181 201
161 181 201 221
161 181 201 221
181 201 221 241
181 201 221 241
201 221 241 261
201 221 241 261
221 241 261 281
221 241 261 281
241 261 281 301
241 261 281 301
261 281 301 321
261 281 301 321
281 301 321 341
281 301 321 341
301 321 341 361
301 321 341 361
321 341 361 381
2 22 42 62
22 42 62 82
22 42 62 82
42 62 82 102
42 62 82 102
62 82 102 122
62 82 102 122
82 102 122 142
82 102 122 142
102 122 142 162
102 122 142 162
122 142 162 182
122 142 162 182
142 162 182 202
142 162 182 202
162 182 202 222
162 182 202 222
182 202 222 242
182 202 222 242
202 222 242 262
202 222 242 262
222 242 262 282
222 242 262 282
242 262 282 302
242 262 282 302
262 282 302 322
262 282 302 322
282 302 322 342
282 302 322 342
302 322 342 362
302 322 342 362
322 342 362 382
3 23 43 63
23 43 63 83
23 43 63 83
43 63 83 103
43 63 83 103
63 83 103 123
63 83 103 123
83 103 123 143
83 103 123 143
103 123 143 163
103 123 143 163
123 143 163 183
123 143 163 183
143 163 183 203
143 163 183 203
163 183 203 223
163 183 203 223
183 203 223 243
183 203 223 243
203 223 243 263
203 223 243 263
223 243 263 283
223 243 263 283
243 263 283 303
243 263 283 303
263 283 303 323
263 283 303 323
283 303 323 343
283 303 323 343
303 323 343 363
303 323 343 363
323 343 363 383
4 24 44 64
24 44 64 84
24 44 64 84
44 64 84 104
44 64 84 104
64 84 104 124
64 84 104 124
84 104 124 144
84 104 124 144
104 124 144 164
104 124 144 164
124 144 164 184
124 144 164 184
144 164 184 204
144 164 184 204
164 184 204 224
164 184 204 224
184 204 224 244
184 204 224 244
204 224 244 264
204 224 244 264
224 244 264 284
224 244 264 284
244 264 284 304
244 264 284 304
264 284 304 324
264 284 304 324
284 304 324 344
284 304 324 344
304 324 344 364
304 324 344 364
324 344 364 384
5 25 45 65
25 45 65 85
25 45 65 85
45 65 85 105
45 65 85 105
65 85 105 125
65 85 105 125
85 105 125 145
85 105 125 145
105 125 145 165
105 125 145 165
125 145 165 185
125 145 165 185
145 165 185 205
145 165 185 205
165 185 205 225
165 185 205 225
185 205 225 245
185 205 225 245
205 225 245 265
205 225 245 265
225 245 265 285
225 245 265 285
245 265 285 305
245 265 285 305
265 285 305 325
265 285 305 325
285 305 325 345
285 305 325 345
305 325 345 365
305 325 345 365
325 345 365 385
6 26 46 66
26 46 66 86
26 46 66 86
46 66 86 106
46 66 86 106
66 86 106 126
66 86 106 126
86 106 126 146
86 106 126 146
106 126 146 166
106 126 146 166
126 146 166 186
126 146 166 186
146 166 186 206
146 166 186 206
166 186 206 226
166 186 206 226
186 206 226 246
186 206 226 246
206 226 246 266
206 226 246 266
226 246 266 286
226 246 266 286
246 266 286 306
246 266 286 306
266 286 306 326
266 286 306 326
286 306 326 346
286 306 326 346
306 326 346 366
306 326 346 366
326 346 366 386
7 27 47 67
27 47 67 87
27 47 67 87
47 67 87 107
47 67 87 107
67 87 107 127
67 87 107 127
87 107 127 147
87 107 127 147
107 127 147 167
107 127 147 167
127 147 167 187
127 147 167 187
147 167 187 207
147 167 187 207
167 187 207 227
167 187 207 227
187 207 227 247
187 207 227 247
207 227 247 267
207 227 247 267
227 247 267 287
227 247 267 287
247 267 287 307
247 267 287 307
267 287 307 327
267 287 307 327
287 307 327 347
287 307 327 347
307 327 347 367
307 327 347 367
327 347 367 387
8 28 48 68
28 48 68 88
28 48 68 88
48 68 88 108
48 68 88 108
68 88 108 128
68 88 108 128
88 108 128 148
88 108 128 148
108 128 148 168
108 128 148 168
128 148 168 188
128 148 168 188
148 168 188 208
148 168 188 208
168 188 208 228
168 188 208 228
188 208 228 248
188 208 228 248
208 228 248 268
208 228 248 268
228 248 268 288
228 248 268 288
248 268 288 308
248 268 288 308
268 288 308 328
268 288 308 328
288 308 328 348
288 308 328 348
308 328 348 368
308 328 348 368
328 348 368 388
9 29 49 69
29 49 69 89
29 49 69 89
49 69 89 109
49 69 89 109
69 89 109 129
69 89 109 129
89 109 129 149
89 109 129 149
109 129 149 169
109 129 149 169
129 149 169 189
129 149 169 189
149 169 189 209
149 169 189 209
169 189 209 229
169 189 209 229
189 209 229 249
189 209 229 249
209 229 249 269
209 229 249 269
229 249 269 289
229 249 269 289
249 269 289 309
249 269 289 309
269 289 309 329
269 289 309 329
289 309 329 349
289 309 329 349
309 329 349 369
309 329 349 369
329 349 369 389
10 30 50 70
30 50 70 90
30 50 70 90
50 70 90 110
50 70 90 110
70 90 110 130
70 90 110 130
90 110 130 150
90 110 130 150
110 130 150 170
110 130 150 170
130 150 170 190
130 150 170 190
150 170 190 210
150 170 190 210
170 190 210 230
170 190 210 230
190 210 230 250
190 210 230 250
210 230 250 270
210 230 250 270
230 250 270 290
230 250 270 290
250 270 290 310
250 270 290 310
270 290 310 330
270 290 310 330
290 310 330 350
290 310 330 350
310 330 350 370
310 330 350 370
330 350 370 390
11 31 51 71
31 51 71 91
31 51 71 91
51 71 91 111
51 71 91 111
71 91 111 131
71 91 111 131
91 111 131 151
91 111 131 151
111 131 151 171
111 131 151 171
131 151 171 191
131 151 171 191
151 171 191 211
151 171 191 211
171 191 211 231
171 191 211 231
191 211 231 251
191 211 231 251
211 231 251 271
211 231 251 271
231 251 271 291
231 251 271 291
251 271 291 311
251 271 291 311
271 291 311 331
271 291 311 331
291 311 331 351
291 311 331 351
311 331 351 371
311 331 351 371
331 351 371 391
12 32 52 72
32 52 72 92
32 52 72 92
52 72 92 112
52 72 92 112
72 92 112 132
72 92 112 132
92 112 132 152
92 112 132 152
112 132 152 172
112 132 152 172
132 152 172 192
132 152 172 192
152 172 192 212
152 172 192 212
172 192 212 232
172 192 212 232
192 212 232 252
192 212 232 252
212 232 252 272
212 232 252 272
232 252 272 292
232 252 272 292
252 272 292 312
252 272 292 312
272 292 312 332
272 292 312 332
292 312 332 352
292 312 332 352
312 332 352 372
312 332 352 372
332 352 372 392
13 33 53 73
33 53 73 93
33 53 73 93
53 73 93 113
53 73 93 113
73 93 113 133
73 93 113 133
93 113 133 153
93 113 133 153
113 133 153 173
113 133 153 173
133 153 173 193
133 153 173 193
153 173 193 213
153 173 193 213
173 193 213 233
173 193 213 233
193 213 233 253
193 213 233 253
213 233 253 273
213 233 253 273
233 253 273 293
233 253 273 293
253 273 293 313
253 273 293 313
273 293 313 333
273 293 313 333
293 313 333 353
293 313 333 353
313 333 353 373
313 333 353 373
333 353 373 393
14 34 54 74
34 54 74 94
34 54 74 94
54 74 94 114
54 74 94 114
74 94 114 134
74 94 114 134
94 114 134 154
94 114 134 154
114 134 154 174
114 134 154 174
134 154 174 194
134 154 174 194
154 174 194 214
154 174 194 214
174 194 214 234
174 194 214 234
194 214 234 254
194 214 234 254
214 234 254 274
214 234 254 274
234 254 274 294
234 254 274 294
254 274 294 314
254 274 294 314
274 294 314 334
274 294 314 334
294 314 334 354
294 314 334 354
314 334 354 374
314 334 354 374
334 354 374 394
15 35 55 75
35 55 75 95
35 55 75 95
55 75 95 115
55 75 95 115
75 95 115 135
75 95 115 135
95 115 135 155
95 115 135 155
115 135 155 175
115 135 155 175
135 155 175 195
135 155 175 195
155 175 195 215
155 175 195 215
175 195 215 235
175 195 215 235
195 215 235 255
195 215 235 255
215 235 255 275
215 235 255 275
235 255 275 295
235 255 275 295
255 275 295 315
255 275 295 315
275 295 315 335
275 295 315 335
295 315 335 355
295 315 335 355
315 335 355 375
315 335 355 375
335 355 375 395
16 36 56 76
36 56 76 96
36 56 76 96
56 76 96 116
56 76 96 116
76 96 116 136
76 96 116 136
96 116 136 156
96 116 136 156
116 136 156 176
116 136 156 176
136 156 176 196
136 156 176 196
156 176 196 216
156 176 196 216
176 196 216 236
176 196 216 236
196 216 236 256
196 216 236 256
216 236 256 276
216 236 256 276
236 256 276 296
236 256 276 296
256 276 296 316
256 276 296 316
276 296 316 336
276 296 316 336
296 316 336 356
296 316 336 356
316 336 356 376
316 336 356 376
336 356 376 396
17 37 57 77
37 57 77 97
37 57 77 97
57 77 97 117
57 77 97 117
77 97 117 137
77 97 117 137
97 117 137 157
97 117 137 157
117 137 157 177
117 137 157 177
137 157 177 197
137 157 177 197
157 177 197 217
157 177 197 217
177 197 217 237
177 197 217 237
197 217 237 257
197 217 237 257
217 237 257 277
217 237 257 277
237 257 277 297
237 257 277 297
257 277 297 317
257 277 297 317
277 297 317 337
277 297 317 337
297 317 337 357
297 317 337 357
317 337 357 377
317 337 357 377
337 357 377 397
18 38 58 78
38 58 78 98
38 58 78 98
58 78 98 118
58 78 98 118
78 98 118 138
78 98 118 138
98 118 138 158
98 118 138 158
118 138 158 178
118 138 158 178
138 158 178 198
138 158 178 198
158 178 198 218
158 178 198 218
178 198 218 238
178 198 218 238
198 218 238 258
198 218 238 258
218 238 258 278
218 238 258 278
238 258 278 298
238 258 278 298
258 278 298 318
258 278 298 318
278 298 318 338
278 298 318 338
298 318 338 358
298 318 338 358
318 338 358 378
318 338 358 378
338 358 378 398
19 39 59 79
39 59 79 99
39 59 79 99
59 79 99 119
59 79 99 119
79 99 119 139
79 99 119 139
99 119 139 159
99 119 139 159
119 139 159 179
119 139 159 179
139 159 179 199
139 159 179 199
159 179 199 219
159 179 199 219
179 199 219 239
179 199 219 239
199 219 239 259
199 219 239 259
219 239 259 279
219 239 259 279
239 259 279 299
239 259 279 299
259 279 299 319
259 279 299 319
279 299 319 339
279 299 319 339
299 319 339 359
299 319 339 359
319 339 359 379
319 339 359 379
339 359 379 399
0 21 42 63
21 42 63 84
21 42 63 84
42 63 84 105
42 63 84 105
63 84 105 126
63 84 105 126
84 105 126 147
84 105 126 147
105 126 147 168
105 126 147 168
126 147 168 189
126 147 168 189
147 168 189 210
147 168 189 210
168 189 210 231
168 189 210 231
189 210 231 252
189 210 231 252
210 231 252 273
210 231 252 273
231 252 273 294
231 252 273 294
252 273 294 315
252 273 294 315
273 294 315 336
273 294 315 336
294 315 336 357
294 315 336 357
315 336 357 378
315 336 357 378
336 357 378 399
1 22 43 64
22 43 64 85
22 43 64 85
43 64 85 106
43 64 85 106
64 85 106 127
64 85 106 127
85 106 127 148
85 106 127 148
106 127 148 169
106 127 148 169
127 148 169 190
127 148 169 190
148 169 190 211
148 169 190 211
169 190 211 232
169 190 211 232
190 211 232 253
190 211 232 253
211 232 253 274
211 232 253 274
232 253 274 295
232 253 274 295
253 274 295 316
253 274 295 316
274 295 316 337
274 295 316 337
295 316 337 358
295 316 337 358
316 337 358 379
2 23 44 65
23 44 65 86
23 44 65 86
44 65 86 107
44 65 86 107
65 86 107 128
65 86 107 128
86 107 128 149
86 107 128 149
107 128 149 170
107 128 149 170
128 149 170 191
128 149 170 191
149 170 191 212
149 170 191 212
170 191 212 233
170 191 212 233
191 212 233 254
191 212 233 254
212 233 254 275
212 233 254 275
233 254 275 296
233 254 275 296
254 275 296 317
254 275 296 317
275 296 317 338
275 296 317 338
296 317 338 359
3 24 45 66
24 45 66 87
24 45 66 87
45 66 87 108
45 66 87 108
66 87 108 129
66 87 108 129
87 108 129 150
87 108 129 150
108 129 150 171
108 129 150 171
129 150 171 192
129 150 171 192
150 171 192 213
150 171 192 213
171 192 213 234
171 192 213 234
192 213 234 255
192 213 234 255
213 234 255 276
213 234 255 276
234 255 276 297
234 255 276 297
255 276 297 318
255 276 297 318
276 297 318 339
4 25 46 67
25 46 67 88
25 46 67 88
46 67 88 109
46 67 88 109
67 88 109 130
67 88 109 130
88 109 130 151
88 109 130 151
109 130 151 172
109 130 151 172
130 151 172 193
130 151 172 193
151 172 193 214
151 172 193 214
172 193 214 235
172 193 214 235
193 214 235 256
193 214 235 256
214 235 256 277
214 235 256 277
235 256 277 298
235 256 277 298
256 277 298 319
5 26 47 68
26 47 68 89
26 47 68 89
47 68 89 110
47 68 89 110
68 89 110 131
68 89 110 131
89 110 131 152
89 110 131 152
110 131 152 173
110 131 152 173
131 152 173 194
131 152 173 194
152 173 194 215
152 173 194 215
173 194 215 236
173 194 215 236
194 215 236 257
194 215 236 257
215 236 257 278
215 236 257 278
236 257 278 299
6 27 48 69
27 48 69 90
27 48 69 90
48 69 90 111
48 69 90 111
69 90 111 132
69 90 111 132
90 111 132 153
90 111 132 153
111 132 153 174
111 132 153 174
132 153 174 195
132 153 174 195
153 174 195 216
153 174 195 216
174 195 216 237
174 195 216 237
195 216 237 258
195 216 237 258
216 237 258 279
7 28 49 70
28 49 70 91
28 49 70 91
49 70 91 112
49 70 91 112
70 91 112 133
70 91 112 133
91 112 133 154
91 112 133 154
112 133 154 175
112 133 154 175
133 154 175 196
133 154 175 196
154 175 196 217
154 175 196 217
175 196 217 238
175 196 217 238
196 217 238 259
8 29 50 71
29 50 71 92
29 50 71 92
50 71 92 113
50 71 92 113
71 92 113 134
71 92 113 134
92 113 134 155
92 113 134 155
113 134 155 176
113 134 155 176
134 155 176 197
134 155 176 197
155 176 197 218
155 176 197 218
176 197 218 239
9 30 51 72
30 51 72 93
30 51 72 93
51 72 93 114
51 72 93 114
72 93 114 135
72 93 114 135
93 114 135 156
93 114 135 156
114 135 156 177
114 135 156 177
135 156 177 198
135 156 177 198
156 177 198 219
10 31 52 73
31 52 73 94
31 52 73 94
52 73 94 115
52 73 94 115
73 94 115 136
73 94 115 136
94 115 136 157
94 115 136 157
115 136 157 178
115 136 157 178
136 157 178 199
11 32 53 74
32 53 74 95
32 53 74 95
53 74 95 116
53 74 95 116
74 95 116 137
74 95 116 137
95 116 137 158
95 116 137 158
116 137 158 179
12 33 54 75
33 54 75 96
33 54 75 96
54 75 96 117
54 75 96 117
75 96 117 138
75 96 117 138
96 117 138 159
13 34 55 76
34 55 76 97
34 55 76 97
55 76 97 118
55 76 97 118
76 97 118 139
14 35 56 77
35 56 77 98
35 56 77 98
56 77 98 119
15 36 57 78
36 57 78 99
20 41 62 83
41 62 83 104
41 62 83 104
62 83 104 125
62 83 104 125
83 104 125 146
83 104 125 146
104 125 146 167
104 125 146 167
125 146 167 188
125 146 167 188
146 167 188 209
146 167 188 209
167 188 209 230
167 188 209 230
188 209 230 251
188 209 230 251
209 230 251 272
209 230 251 272
230 251 272 293
230 251 272 293
251 272 293 314
251 272 293 314
272 293 314 335
272 293 314 335
293 314 335 356
293 314 335 356
314 335 356 377
314 335 356 377
335 356 377 398
40 61 82 103
61 82 103 124
61 82 103 124
82 103 124 145
82 103 124 145
103 124 145 166
103 124 145 166
124 145 166 187
124 145 166 187
145 166 187 208
145 166 187 208
166 187 208 229
166 187 208 229
187 208 229 250
187 208 229 250
208 229 250 271
208 229 250 271
229 250 271 292
229 250 271 292
250 271 292 313
250 271 292 313
271 292 313 334
271 292 313 334
292 313 334 355
292 313 334 355
313 334 355 376
313 334 355 376
334 355 376 397
60 81 102 123
81 102 123 144
81 102 123 144
102 123 144 165
102 123 144 165
123 144 165 186
123 144 165 186
144 165 186 207
144 165 186 207
165 186 207 228
165 186 207 228
186 207 228 249
186 207 228 249
207 228 249 270
207 228 249 270
228 249 270 291
228 249 270 291
249 270 291 312
249 270 291 312
270 291 312 333
270 291 312 333
291 312 333 354
291 312 333 354
312 333 354 375
312 333 354 375
333 354 375 396
80 101 122 143
101 122 143 164
101 122 143 164
122 143 164 185
122 143 164 185
143 164 185 206
143 164 185 206
164 185 206 227
164 185 206 227
185 206 227 248
185 206 227 248
206 227 248 269
206 227 248 269
227 248 269 290
227 248 269 290
248 269 290 311
248 269 290 311
269 290 311 332
269 290 311 332
290 311 332 353
290 311 332 353
311 332 353 374
311 332 353 374
332 353 374 395
100 121 142 163
121 142 163 184
121 142 163 184
142 163 184 205
142 163 184 205
163 184 205 226
163 184 205 226
184 205 226 247
184 205 226 247
205 226 247 268
205 226 247 268
226 247 268 289
226 247 268 289
247 268 289 310
247 268 289 310
268 289 310 331
268 289 310 331
289 310 331 352
289 310 331 352
310 331 352 373
310 331 352 373
331 352 373 394
120 141 162 183
141 162 183 204
141 162 183 204
162 183 204 225
162 183 204 225
183 204 225 246
183 204 225 246
204 225 246 267
204 225 246 267
225 246 267 288
225 246 267 288
246 267 288 309
246 267 288 309
267 288 309 330
267 288 309 330
288 309 330 351
288 309 330 351
309 330 351 372
309 330 351 372
330 351 372 393
140 161 182 203
161 182 203 224
161 182 203 224
182 203 224 245
182 203 224 245
203 224 245 266
203 224 245 266
224 245 266 287
224 245 266 287
245 266 287 308
245 266 287 308
266 287 308 329
266 287 308 329
287 308 329 350
287 308 329 350
308 329 350 371
308 329 350 371
329 350 371 392
160 181 202 223
181 202 223 244
181 202 223 244
202 223 244 265
202 223 244 265
223 244 265 286
223 244 265 286
244 265 286 307
244 265 286 307
265 286 307 328
265 286 307 328
286 307 328 349
286 307 328 349
307 328 349 370
307 328 349 370
328 349 370 391
180 201 222 243
201 222 243 264
201 222 243 264
222 243 264 285
222 243 264 285
243 264 285 306
243 264 285 306
264 285 306 327
264 285 306 327
285 306 327 348
285 306 327 348
306 327 348 369
306 327 348 369
327 348 369 390
200 221 242 263
221 242 263 284
221 242 263 284
242 263 284 305
242 263 284 305
263 284 305 326
263 284 305 326
284 305 326 347
284 305 326 347
305 326 347 368
305 326 347 368
326 347 368 389
220 241 262 283
241 262 283 304
241 262 283 304
262 283 304 325
262 283 304 325
283 304 325 346
283 304 325 346
304 325 346 367
304 325 346 367
325 346 367 388
240 261 282 303
261 282 303 324
261 282 303 324
282 303 324 345
282 303 324 345
303 324 345 366
303 324 345 366
324 345 366 387
260 281 302 323
281 302 323 344
281 302 323 344
302 323 344 365
302 323 344 365
323 344 365 386
280 301 322 343
301 322 343 364
301 322 343 364
322 343 364 385
300 321 342 363
321 342 363 384
4 23 42 61
23 42 61 80
5 24 43 62
24 43 62 81
24 43 62 81
43 62 81 100
6 25 44 63
25 44 63 82
25 44 63 82
44 63 82 101
44 63 82 101
63 82 101 120
7 26 45 64
26 45 64 83
26 45 64 83
45 64 83 102
45 64 83 102
64 83 102 121
64 83 102 121
83 102 121 140
8 27 46 65
27 46 65 84
27 46 65 84
46 65 84 103
46 65 84 103
65 84 103 122
65 84 103 122
84 103 122 141
84 103 122 141
103 122 141 160
9 28 47 66
28 47 66 85
28 47 66 85
47 66 85 104
47 66 85 104
66 85 104 123
66 85 104 123
85 104 123 142
85 104 123 142
104 123 142 161
104 123 142 161
123 142 161 180
10 29 48 67
29 48 67 86
29 48 67 86
48 67 86 105
48 67 86 105
67 86 105 124
67 86 105 124
86 105 124 143
86 105 124 143
105 124 143 162
105 124 143 162
124 143 162 181
124 143 162 181
143 162 181 200
11 30 49 68
30 49 68 87
30 49 68 87
49 68 87 106
49 68 87 106
68 87 106 125
68 87 106 125
87 106 125 144
87 106 125 144
106 125 144 163
106 125 144 163
125 144 163 182
125 144 163 182
144 163 182 201
144 163 182 201
163 182 201 220
12 31 50 69
31 50 69 88
31 50 69 88
50 69 88 107
50 69 88 107
69 88 107 126
69 88 107 126
88 107 126 145
88 107 126 145
107 126 145 164
107 126 145 164
126 145 164 183
126 145 164 183
145 164 183 202
145 164 183 202
164 183 202 221
164 183 202 221
183 202 221 240
13 32 51 70
32 51 70 89
32 51 70 89
51 70 89 108
51 70 89 108
70 89 108 127
70 89 108 127
89 108 127 146
89 108 127 146
108 127 146 165
108 127 146 165
127 146 165 184
127 146 165 184
146 165 184 203
146 165 184 203
165 184 203 222
165 184 203 222
184 203 222 241
184 203 222 241
203 222 241 260
14 33 52 71
33 52 71 90
33 52 71 90
52 71 90 109
52 71 90 109
71 90 109 128
71 90 109 128
90 109 128 147
90 109 128 147
109 128 147 166
109 128 147 166
128 147 166 185
128 147 166 185
147 166 185 204
147 166 185 204
166 185 204 223
166 185 204 223
185 204 223 242
185 204 223 242
204 223 242 261
204 223 242 261
223 242 261 280
15 34 53 72
34 53 72 91
34 53 72 91
53 72 91 110
53 72 91 110
72 91 110 129
72 91 110 129
91 110 129 148
91 110 129 148
110 129 148 167
110 129 148 167
129 148 167 186
129 148 167 186
148 167 186 205
148 167 186 205
167 186 205 224
167 186 205 224
186 205 224 243
186 205 224 243
205 224 243 262
205 224 243 262
224 243 262 281
224 243 262 281
243 262 281 300
16 35 54 73
35 54 73 92
35 54 73 92
54 73 92 111
54 73 92 111
73 92 111 130
73 92 111 130
92 111 130 149
92 111 130 149
111 130 149 168
111 130 149 168
130 149 168 187
130 149 168 187
149 168 187 206
149 168 187 206
168 187 206 225
168 187 206 225
187 206 225 244
187 206 225 244
206 225 244 263
206 225 244 263
225 244 263 282
225 244 263 282
244 263 282 301
244 263 282 301
263 282 301 320
17 36 55 74
36 55 74 93
36 55 74 93
55 74 93 112
55 74 93 112
74 93 112 131
74 93 112 131
93 112 131 150
93 112 131 150
112 131 150 169
112 131 150 169
131 150 169 188
131 150 169 188
150 169 188 207
150 169 188 207
169 188 207 226
169 188 207 226
188 207 226 245
188 207 226 245
207 226 245 264
207 226 245 264
226 245 264 283
226 245 264 283
245 264 283 302
245 264 283 302
264 283 302 321
264 283 302 321
283 302 321 340
18 37 56 75
37 56 75 94
37 56 75 94
56 75 94 113
56 75 94 113
75 94 113 132
75 94 113 132
94 113 132 151
94 113 132 151
113 132 151 170
113 132 151 170
132 151 170 189
132 151 170 189
151 170 189 208
151 170 189 208
170 189 208 227
170 189 208 227
189 208 227 246
189 208 227 246
208 227 246 265
208 227 246 265
227 246 265 284
227 246 265 284
246 265 284 303
246 265 284 303
265 284 303 322
265 284 303 322
284 303 322 341
284 303 322 341
303 322 341 360
19 38 57 76
38 57 76 95
38 57 76 95
57 76 95 114
57 76 95 114
76 95 114 133
76 95 114 133
95 114 133 152
95 114 133 152
114 133 152 171
114 133 152 171
133 152 171 190
133 152 171 190
152 171 190 209
152 171 190 209
171 190 209 228
171 190 209 228
190 209 228 247
190 209 228 247
209 228 247 266
209 228 247 266
228 247 266 285
228 247 266 285
247 266 285 304
247 266 285 304
266 285 304 323
266 285 304 323
285 304 323 342
285 304 323 342
304 323 342 361
304 323 342 361
323 342 361 380
39 58 77 96
58 77 96 115
58 77 96 115
77 96 115 134
77 96 115 134
96 115 134 153
96 115 134 153
115 134 153 172
115 134 153 172
134 153 172 191
134 153 172 191
153 172 191 210
153 172 191 210
172 191 210 229
172 191 210 229
191 210 229 248
191 210 229 248
210 229 248 267
210 229 248 267
229 248 267 286
229 248 267 286
248 267 286 305
248 267 286 305
267 286 305 324
267 286 305 324
286 305 324 343
286 305 324 343
305 324 343 362
305 324 343 362
324 343 362 381
59 78 97 116
78 97 116 135
78 97 116 135
97 116 135 154
97 116 135 154
116 135 154 173
116 135 154 173
135 154 173 192
135 154 173 192
154 173 192 211
154 173 192 211
173 192 211 230
173 192 211 230
192 211 230 249
192 211 230 249
211 230 249 268
211 230 249 268
230 249 268 287
230 249 268 287
249 268 287 306
249 268 287 306
268 287 306 325
268 287 306 325
287 306 325 344
287 306 325 344
306 325 344 363
306 325 344 363
325 344 363 382
79 98 117 136
98 117 136 155
98 117 136 155
117 136 155 174
117 136 155 174
136 155 174 193
136 155 174 193
155 174 193 212
155 174 193 212
174 193 212 231
174 193 212 231
193 212 231 250
193 212 231 250
212 231 250 269
212 231 250 269
231 250 269 288
231 250 269 288
250 269 288 307
250 269 288 307
269 288 307 326
269 288 307 326
288 307 326 345
288 307 326 345
307 326 345 364
307 326 345 364
326 345 364 383
99 118 137 156
118 137 156 175
118 137 156 175
137 156 175 194
137 156 175 194
156 175 194 213
156 175 194 213
175 194 213 232
175 194 213 232
194 213 232 251
194 213 232 251
213 232 251 270
213 232 251 270
232 251 270 289
232 251 270 289
251 270 289 308
251 270 289 308
270 289 308 327
270 289 308 327
289 308 327 346
289 308 327 346
308 327 346 365
308 327 346 365
327 346 365 384
119 138 157 176
138 157 176 195
138 157 176 195
157 176 195 214
157 176 195 214
176 195 214 233
176 195 214 233
195 214 233 252
195 214 233 252
214 233 252 271
214 233 252 271
233 252 271 290
233 252 271 290
252 271 290 309
252 271 290 309
271 290 309 328
271 290 309 328
290 309 328 347
290 309 328 347
309 328 347 366
309 328 347 366
328 347 366 385
139 158 177 196
158 177 196 215
158 177 196 215
177 196 215 234
177 196 215 234
196 215 234 253
196 215 234 253
215 234 253 272
215 234 253 272
234 253 272 291
234 253 272 291
253 272 291 310
253 272 291 310
272 291 310 329
272 291 310 329
291 310 329 348
291 310 329 348
310 329 348 367
310 329 348 367
329 348 367 386
159 178 197 216
178 197 216 235
178 197 216 235
197 216 235 254
197 216 235 254
216 235 254 273
216 235 254 273
235 254 273 292
235 254 273 292
254 273 292 311
254 273 292 311
273 292 311 330
273 292 311 330
292 311 330 349
292 311 330 349
311 330 349 368
311 330 349 368
330 349 368 387
179 198 217 236
198 217 236 255
198 217 236 255
217 236 255 274
217 236 255 274
236 255 274 293
236 255 274 293
255 274 293 312
255 274 293 312
274 293 312 331
274 293 312 331
293 312 331 350
293 312 331 350
312 331 350 369
312 331 350 369
331 350 369 388
199 218 237 256
218 237 256 275
218 237 256 275
237 256 275 294
237 256 275 294
256 275 294 313
256 275 294 313
275 294 313 332
275 294 313 332
294 313 332 351
294 313 332 351
313 332 351 370
313 332 351 370
332 351 370 389
219 238 257 276
238 257 276 295
238 257 276 295
257 276 295 314
257 276 295 314
276 295 314 333
276 295 314 333
295 314 333 352
295 314 333 352
314 333 352 371
314 333 352 371
333 352 371 390
239 258 277 296
258 277 296 315
258 277 296 315
277 296 315 334
277 296 315 334
296 315 334 353
296 315 334 353
315 334 353 372
315 334 353 372
334 353 372 391
259 278 297 316
278 297 316 335
278 297 316 335
297 316 335 354
297 316 335 354
316 335 354 373
316 335 354 373
335 354 373 392
279 298 317 336
298 317 336 355
298 317 336 355
317 336 355 374
317 336 355 374
336 355 374 393
299 318 337 356
318 337 356 375
318 337 356 375
337 356 375 394
319 338 357 376
338 357 376 395
