0 1 3 4
1 2 4 5
2 3 5 6
3 4 6 7
4 5 7 8
5 6 8 9
6 7 9 10
7 8 10 11
8 9 11 12
9 10 12 13
10 11 13 14
11 12 14 15
12 13 15 16
13 14 16 17
14 15 17 18
15 16 18 19
20 21 23 24
21 22 24 25
22 23 25 26
23 24 26 27
24 25 27 28
25 26 28 29
26 27 29 30
27 28 30 31
28 29 31 32
29 30 32 33
30 31 33 34
31 32 34 35
32 33 35 36
33 34 36 37
34 35 37 38
35 36 38 39
40 41 43 44
41 42 44 45
42 43 45 46
43 44 46 47
44 45 47 48
45 46 48 49
46 47 49 50
47 48 50 51
48 49 51 52
49 50 52 53
50 51 53 54
51 52 54 55
52 53 55 56
53 54 56 57
54 55 57 58
55 56 58 59
60 61 63 64
61 62 64 65
62 63 65 66
63 64 66 67
64 65 67 68
65 66 68 69
66 67 69 70
67 68 70 71
68 69 71 72
69 70 72 73
70 71 73 74
71 72 74 75
72 73 75 76
73 74 76 77
74 75 77 78
75 76 78 79
80 81 83 84
81 82 84 85
82 83 85 86
83 84 86 87
84 85 87 88
85 86 88 89
86 87 89 90
87 88 90 91
88 89 91 92
89 90 92 93
90 91 93 94
91 92 94 95
92 93 95 96
93 94 96 97
94 95 97 98
95 96 98 99
100 101 103 104
101 102 104 105
102 103 105 106
103 104 106 107
104 105 107 108
105 106 108 109
106 107 109 110
107 108 110 111
108 109 111 112
109 110 112 113
110 111 113 114
111 112 114 115
112 113 115 116
113 114 116 117
114 115 117 118
115 116 118 119
120 121 123 124
121 122 124 125
122 123 125 126
123 124 126 127
124 125 127 128
125 126 128 129
126 127 129 130
127 128 130 131
128 129 131 132
129 130 132 133
130 131 133 134
131 132 134 135
132 133 135 136
133 134 136 137
134 135 137 138
135 136 138 139
140 141 143 144
141 142 144 145
142 143 145 146
143 144 146 147
144 145 147 148
145 146 148 149
146 147 149 150
147 148 150 151
148 149 151 152
149 150 152 153
150 151 153 154
151 152 154 155
152 153 155 156
153 154 156 157
154 155 157 158
155 156 158 159
160 161 163 164
161 162 164 165
162 163 165 166
163 164 166 167
164 165 167 168
165 166 168 169
166 167 169 170
167 168 170 171
168 169 171 172
169 170 172 173
170 171 173 174
171 172 174 175
172 173 175 176
173 174 176 177
174 175 177 178
175 176 178 179
180 181 183 184
181 182 184 185
182 183 185 186
183 184 186 187
184 185 187 188
185 186 188 189
186 187 189 190
187 188 190 191
188 189 191 192
189 190 192 193
190 191 193 194
191 192 194 195
192 193 195 196
193 194 196 197
194 195 197 198
195 196 198 199
200 201 203 204
201 202 204 205
202 203 205 206
203 204 206 207
204 205 207 208
205 206 208 209
206 207 209 210
207 208 210 211
208 209 211 212
209 210 212 213
210 211 213 214
211 212 214 215
212 213 215 216
213 214 216 217
214 215 217 218
215 216 218 219
220 221 223 224
221 222 224 225
222 223 225 226
223 224 226 227
224 225 227 228
225 226 228 229
226 227 229 230
227 228 230 231
228 229 231 232
229 230 232 233
230 231 233 234
231 232 234 235
232 233 235 236
233 234 236 237
234 235 237 238
235 236 238 239
240 241 243 244
241 242 244 245
242 243 245 246
243 244 246 247
244 245 247 248
245 246 248 249
246 247 249 250
247 248 250 251
248 249 251 252
249 250 252 253
250 251 253 254
251 252 254 255
252 253 255 256
253 254 256 257
254 255 257 258
255 256 258 259
260 261 263 264
261 262 264 265
262 263 265 266
263 264 266 267
264 265 267 268
265 266 268 269
266 267 269 270
267 268 270 271
268 269 271 272
269 270 272 273
270 271 273 274
271 272 274 275
272 273 275 276
273 274 276 277
274 275 277 278
275 276 278 279
280 281 283 284
281 282 284 285
282 283 285 286
283 284 286 287
284 285 287 288
285 286 288 289
286 287 289 290
287 288 290 291
288 289 291 292
289 290 292 293
290 291 293 294
291 292 294 295
292 293 295 296
293 294 296 297
294 295 297 298
295 296 298 299
300 301 303 304
301 302 304 305
302 303 305 306
303 304 306 307
304 305 307 308
305 306 308 309
306 307 309 310
307 308 310 311
308 309 311 312
309 310 312 313
310 311 313 314
311 312 314 315
312 313 315 316
313 314 316 317
314 315 317 318
315 316 318 319
320 321 323 324
321 322 324 325
322 323 325 326
323 324 326 327
324 325 327 328
325 326 328 329
326 327 329 330
327 328 330 331
328 329 331 332
329 330 332 333
330 331 333 334
331 332 334 335
332 333 335 336
333 334 336 337
334 335 337 338
335 336 338 339
340 341 343 344
341 342 344 345
342 343 345 346
343 344 346 347
344 345 347 348
345 346 348 349
346 347 349 350
347 348 350 351
348 349 351 352
349 350 352 353
350 351 353 354
351 352 354 355
352 353 355 356
353 354 356 357
354 355 357 358
355 356 358 359
360 361 363 364
361 362 364 365
362 363 365 366
363 364 366 367
364 365 367 368
365 366 368 369
366 367 369 370
367 368 370 371
368 369 371 372
369 370 372 373
370 371 373 374
371 372 374 375
372 373 375 376
373 374 376 377
374 375 377 378
375 376 378 379
380 381 383 384
381 382 384 385
382 383 385 386
383 384 386 387
384 385 387 388
385 386 388 389
386 387 389 390
387 388 390 391
388 389 391 392
389 390 392 393
390 391 393 394
391 392 394 395
392 393 395 396
393 394 396 397
394 395 397 398
395 396 398 399
0 20 60 80
20 40 80 100
40 60 100 120
60 80 120 140
80 100 140 160
100 120 160 180
120 140 180 200
140 160 200 220
160 180 220 240
180 200 240 260
200 220 260 280
220 240 280 300
240 260 300 320
260 280 320 340
280 300 340 360
300 320 360 380
1 21 61 81
21 41 81 101
41 61 101 121
61 81 121 141
81 101 141 161
101 121 161 181
121 141 181 201
141 161 201 221
161 181 221 241
181 201 241 261
201 221 261 281
221 241 281 301
241 261 301 321
261 281 321 341
281 301 341 361
301 321 361 381
2 22 62 82
22 42 82 102
42 62 102 122
62 82 122 142
82 102 142 162
102 122 162 182
122 142 182 202
142 162 202 222
162 182 222 242
182 202 242 262
202 222 262 282
222 242 282 302
242 262 302 322
262 282 322 342
282 302 342 362
302 322 362 382
3 23 63 83
23 43 83 103
43 63 103 123
63 83 123 143
83 103 143 163
103 123 163 183
123 143 183 203
143 163 203 223
163 183 223 243
183 203 243 263
203 223 263 283
223 243 283 303
243 263 303 323
263 283 323 343
283 303 343 363
303 323 363 383
4 24 64 84
24 44 84 104
44 64 104 124
64 84 124 144
84 104 144 164
104 124 164 184
124 144 184 204
144 164 204 224
164 184 224 244
184 204 244 264
204 224 264 284
224 244 284 304
244 264 304 324
264 284 324 344
284 304 344 364
304 324 364 384
5 25 65 85
25 45 85 105
45 65 105 125
65 85 125 145
85 105 145 165
105 125 165 185
125 145 185 205
145 165 205 225
165 185 225 245
185 205 245 265
205 225 265 285
225 245 285 305
245 265 305 325
265 285 325 345
285 305 345 365
305 325 365 385
6 26 66 86
26 46 86 106
46 66 106 126
66 86 126 146
86 106 146 166
106 126 166 186
126 146 186 206
146 166 206 226
166 186 226 246
186 206 246 266
206 226 266 286
226 246 286 306
246 266 306 326
266 286 326 346
286 306 346 366
306 326 366 386
7 27 67 87
27 47 87 107
47 67 107 127
67 87 127 147
87 107 147 167
107 127 167 187
127 147 187 207
147 167 207 227
167 187 227 247
187 207 247 267
207 227 267 287
227 247 287 307
247 267 307 327
267 287 327 347
287 307 347 367
307 327 367 387
8 28 68 88
28 48 88 108
48 68 108 128
68 88 128 148
88 108 148 168
108 128 168 188
128 148 188 208
148 168 208 228
168 188 228 248
188 208 248 268
208 228 268 288
228 248 288 308
248 268 308 328
268 288 328 348
288 308 348 368
308 328 368 388
9 29 69 89
29 49 89 109
49 69 109 129
69 89 129 149
89 109 149 169
109 129 169 189
129 149 189 209
149 169 209 229
169 189 229 249
189 209 249 269
209 229 269 289
229 249 289 309
249 269 309 329
269 289 329 349
289 309 349 369
309 329 369 389
10 30 70 90
30 50 90 110
50 70 110 130
70 90 130 150
90 110 150 170
110 130 170 190
130 150 190 210
150 170 210 230
170 190 230 250
190 210 250 270
210 230 270 290
230 250 290 310
250 270 310 330
270 290 330 350
290 310 350 370
310 330 370 390
11 31 71 91
31 51 91 111
51 71 111 131
71 91 131 151
91 111 151 171
111 131 171 191
131 151 191 211
151 171 211 231
171 191 231 251
191 211 251 271
211 231 271 291
231 251 291 311
251 271 311 331
271 291 331 351
291 311 351 371
311 331 371 391
12 32 72 92
32 52 92 112
52 72 112 132
72 92 132 152
92 112 152 172
112 132 172 192
132 152 192 212
152 172 212 232
172 192 232 252
192 212 252 272
212 232 272 292
232 252 292 312
252 272 312 332
272 292 332 352
292 312 352 372
312 332 372 392
13 33 73 93
33 53 93 113
53 73 113 133
73 93 133 153
93 113 153 173
113 133 173 193
133 153 193 213
153 173 213 233
173 193 233 253
193 213 253 273
213 233 273 293
233 253 293 313
253 273 313 333
273 293 333 353
293 313 353 373
313 333 373 393
14 34 74 94
34 54 94 114
54 74 114 134
74 94 134 154
94 114 154 174
114 134 174 194
134 154 194 214
154 174 214 234
174 194 234 254
194 214 254 274
214 234 274 294
234 254 294 314
254 274 314 334
274 294 334 354
294 314 354 374
314 334 374 394
15 35 75 95
35 55 95 115
55 75 115 135
75 95 135 155
95 115 155 175
115 135 175 195
135 155 195 215
155 175 215 235
175 195 235 255
195 215 255 275
215 235 275 295
235 255 295 315
255 275 315 335
275 295 335 355
295 315 355 375
315 335 375 395
16 36 76 96
36 56 96 116
56 76 116 136
76 96 136 156
96 116 156 176
116 136 176 196
136 156 196 216
156 176 216 236
176 196 236 256
196 216 256 276
216 236 276 296
236 256 296 316
256 276 316 336
276 296 336 356
296 316 356 376
316 336 376 396
17 37 77 97
37 57 97 117
57 77 117 137
77 97 137 157
97 117 157 177
117 137 177 197
137 157 197 217
157 177 217 237
177 197 237 257
197 217 257 277
217 237 277 297
237 257 297 317
257 277 317 337
277 297 337 357
297 317 357 377
317 337 377 397
18 38 78 98
38 58 98 118
58 78 118 138
78 98 138 158
98 118 158 178
118 138 178 198
138 158 198 218
158 178 218 238
178 198 238 258
198 218 258 278
218 238 278 298
238 258 298 318
258 278 318 338
278 298 338 358
298 318 358 378
318 338 378 398
19 39 79 99
39 59 99 119
59 79 119 139
79 99 139 159
99 119 159 179
119 139 179 199
139 159 199 219
159 179 219 239
179 199 239 259
199 219 259 279
219 239 279 299
239 259 299 319
259 279 319 339
279 299 339 359
299 319 359 379
319 339 379 399
0 21 63 84
21 42 84 105
42 63 105 126
63 84 126 147
84 105 147 168
105 126 168 189
126 147 189 210
147 168 210 231
168 189 231 252
189 210 252 273
210 231 273 294
231 252 294 315
252 273 315 336
273 294 336 357
294 315 357 378
315 336 378 399
1 22 64 85
22 43 85 106
43 64 106 127
64 85 127 148
85 106 148 169
106 127 169 190
127 148 190 211
148 169 211 232
169 190 232 253
190 211 253 274
211 232 274 295
232 253 295 316
253 274 316 337
274 295 337 358
295 316 358 379
2 23 65 86
23 44 86 107
44 65 107 128
65 86 128 149
86 107 149 170
107 128 170 191
128 149 191 212
149 170 212 233
170 191 233 254
191 212 254 275
212 233 275 296
233 254 296 317
254 275 317 338
275 296 338 359
3 24 66 87
24 45 87 108
45 66 108 129
66 87 129 150
87 108 150 171
108 129 171 192
129 150 192 213
150 171 213 234
171 192 234 255
192 213 255 276
213 234 276 297
234 255 297 318
255 276 318 339
4 25 67 88
25 46 88 109
46 67 109 130
67 88 130 151
88 109 151 172
109 130 172 193
130 151 193 214
151 172 214 235
172 193 235 256
193 214 256 277
214 235 277 298
235 256 298 319
5 26 68 89
26 47 89 110
47 68 110 131
68 89 131 152
89 110 152 173
110 131 173 194
131 152 194 215
152 173 215 236
173 194 236 257
194 215 257 278
215 236 278 299
6 27 69 90
27 48 90 111
48 69 111 132
69 90 132 153
90 111 153 174
111 132 174 195
132 153 195 216
153 174 216 237
174 195 237 258
195 216 258 279
7 28 70 91
28 49 91 112
49 70 112 133
70 91 133 154
91 112 154 175
112 133 175 196
133 154 196 217
154 175 217 238
175 196 238 259
8 29 71 92
29 50 92 113
50 71 113 134
71 92 134 155
92 113 155 176
113 134 176 197
134 155 197 218
155 176 218 239
9 30 72 93
30 51 93 114
51 72 114 135
72 93 135 156
93 114 156 177
114 135 177 198
135 156 198 219
10 31 73 94
31 52 94 115
52 73 115 136
73 94 136 157
94 115 157 178
115 136 178 199
11 32 74 95
32 53 95 116
53 74 116 137
74 95 137 158
95 116 158 179
12 33 75 96
33 54 96 117
54 75 117 138
75 96 138 159
13 34 76 97
34 55 97 118
55 76 118 139
14 35 77 98
35 56 98 119
15 36 78 99
20 41 83 104
41 62 104 125
62 83 125 146
83 104 146 167
104 125 167 188
125 146 188 209
146 167 209 230
167 188 230 251
188 209 251 272
209 230 272 293
230 251 293 314
251 272 314 335
272 293 335 356
293 314 356 377
314 335 377 398
40 61 103 124
61 82 124 145
82 103 145 166
103 124 166 187
124 145 187 208
145 166 208 229
166 187 229 250
187 208 250 271
208 229 271 292
229 250 292 313
250 271 313 334
271 292 334 355
292 313 355 376
313 334 376 397
60 81 123 144
81 102 144 165
102 123 165 186
123 144 186 207
144 165 207 228
165 186 228 249
186 207 249 270
207 228 270 291
228 249 291 312
249 270 312 333
270 291 333 354
291 312 354 375
312 333 375 396
80 101 143 164
101 122 164 185
122 143 185 206
143 164 206 227
164 185 227 248
185 206 248 269
206 227 269 290
227 248 290 311
248 269 311 332
269 290 332 353
290 311 353 374
311 332 374 395
100 121 163 184
121 142 184 205
142 163 205 226
163 184 226 247
184 205 247 268
205 226 268 289
226 247 289 310
247 268 310 331
268 289 331 352
289 310 352 373
310 331 373 394
120 141 183 204
141 162 204 225
162 183 225 246
183 204 246 267
204 225 267 288
225 246 288 309
246 267 309 330
267 288 330 351
288 309 351 372
309 330 372 393
140 161 203 224
161 182 224 245
182 203 245 266
203 224 266 287
224 245 287 308
245 266 308 329
266 287 329 350
287 308 350 371
308 329 371 392
160 181 223 244
181 202 244 265
202 223 265 286
223 244 286 307
244 265 307 328
265 286 328 349
286 307 349 370
307 328 370 391
180 201 243 264
201 222 264 285
222 243 285 306
243 264 306 327
264 285 327 348
285 306 348 369
306 327 369 390
200 221 263 284
221 242 284 305
242 263 305 326
263 284 326 347
284 305 347 368
305 326 368 389
220 241 283 304
241 262 304 325
262 283 325 346
283 304 346 367
304 325 367 388
240 261 303 324
261 282 324 345
282 303 345 366
303 324 366 387
260 281 323 344
281 302 344 365
302 323 365 386
280 301 343 364
301 322 364 385
300 321 363 384
4 23 61 80
5 24 62 81
24 43 81 100
6 25 63 82
25 44 82 101
44 63 101 120
7 26 64 83
26 45 83 102
45 64 102 121
64 83 121 140
8 27 65 84
27 46 84 103
46 65 103 122
65 84 122 141
84 103 141 160
9 28 66 85
28 47 85 104
47 66 104 123
66 85 123 142
85 104 142 161
104 123 161 180
10 29 67 86
29 48 86 105
48 67 105 124
67 86 124 143
86 105 143 162
105 124 162 181
124 143 181 200
11 30 68 87
30 49 87 106
49 68 106 125
68 87 125 144
87 106 144 163
106 125 163 182
125 144 182 201
144 163 201 220
12 31 69 88
31 50 88 107
50 69 107 126
69 88 126 145
88 107 145 164
107 126 164 183
126 145 183 202
145 164 202 221
164 183 221 240
13 32 70 89
32 51 89 108
51 70 108 127
70 89 127 146
89 108 146 165
108 127 165 184
127 146 184 203
146 165 203 222
165 184 222 241
184 203 241 260
14 33 71 90
33 52 90 109
52 71 109 128
71 90 128 147
90 109 147 166
109 128 166 185
128 147 185 204
147 166 204 223
166 185 223 242
185 204 242 261
204 223 261 280
15 34 72 91
34 53 91 110
53 72 110 129
72 91 129 148
91 110 148 167
110 129 167 186
129 148 186 205
148 167 205 224
167 186 224 243
186 205 243 262
205 224 262 281
224 243 281 300
16 35 73 92
35 54 92 111
54 73 111 130
73 92 130 149
92 111 149 168
111 130 168 187
130 149 187 206
149 168 206 225
168 187 225 244
187 206 244 263
206 225 263 282
225 244 282 301
244 263 301 320
17 36 74 93
36 55 93 112
55 74 112 131
74 93 131 150
93 112 150 169
112 131 169 188
131 150 188 207
150 169 207 226
169 188 226 245
188 207 245 264
207 226 264 283
226 245 283 302
245 264 302 321
264 283 321 340
18 37 75 94
37 56 94 113
56 75 113 132
75 94 132 151
94 113 151 170
113 132 170 189
132 151 189 208
151 170 208 227
170 189 227 246
189 208 246 265
208 227 265 284
227 246 284 303
246 265 303 322
265 284 322 341
284 303 341 360
19 38 76 95
38 57 95 114
57 76 114 133
76 95 133 152
95 114 152 171
114 133 171 190
133 152 190 209
152 171 209 228
171 190 228 247
190 209 247 266
209 228 266 285
228 247 285 304
247 266 304 323
266 285 323 342
285 304 342 361
304 323 361 380
39 58 96 115
58 77 115 134
77 96 134 153
96 115 153 172
115 134 172 191
134 153 191 210
153 172 210 229
172 191 229 248
191 210 248 267
210 229 267 286
229 248 286 305
248 267 305 324
267 286 324 343
286 305 343 362
305 324 362 381
59 78 116 135
78 97 135 154
97 116 154 173
116 135 173 192
135 154 192 211
154 173 211 230
173 192 230 249
192 211 249 268
211 230 268 287
230 249 287 306
249 268 306 325
268 287 325 344
287 306 344 363
306 325 363 382
79 98 136 155
98 117 155 174
117 136 174 193
136 155 193 212
155 174 212 231
174 193 231 250
193 212 250 269
212 231 269 288
231 250 288 307
250 269 307 326
269 288 326 345
288 307 345 364
307 326 364 383
99 118 156 175
118 137 175 194
137 156 194 213
156 175 213 232
175 194 232 251
194 213 251 270
213 232 270 289
232 251 289 308
251 270 308 327
270 289 327 346
289 308 346 365
308 327 365 384
119 138 176 195
138 157 195 214
157 176 214 233
176 195 233 252
195 214 252 271
214 233 271 290
233 252 290 309
252 271 309 328
271 290 328 347
290 309 347 366
309 328 366 385
139 158 196 215
158 177 215 234
177 196 234 253
196 215 253 272
215 234 272 291
234 253 291 310
253 272 310 329
272 291 329 348
291 310 348 367
310 329 367 386
159 178 216 235
178 197 235 254
197 216 254 273
216 235 273 292
235 254 292 311
254 273 311 330
273 292 330 349
292 311 349 368
311 330 368 387
179 198 236 255
198 217 255 274
217 236 274 293
236 255 293 312
255 274 312 331
274 293 331 350
293 312 350 369
312 331 369 388
199 218 256 275
218 237 275 294
237 256 294 313
256 275 313 332
275 294 332 351
294 313 351 370
313 332 370 389
219 238 276 295
238 257 295 314
257 276 314 333
276 295 333 352
295 314 352 371
314 333 371 390
239 258 296 315
258 277 315 334
277 296 334 353
296 315 353 372
315 334 372 391
259 278 316 335
278 297 335 354
297 316 354 373
316 335 373 392
279 298 336 355
298 317 355 374
317 336 374 393
299 318 356 375
318 337 375 394
319 338 376 395
