0 1 2 4
1 2 3 5
2 3 4 6
3 4 5 7
4 5 6 8
5 6 7 9
6 7 8 10
7 8 9 11
8 9 10 12
9 10 11 13
10 11 12 14
11 12 13 15
12 13 14 16
13 14 15 17
14 15 16 18
15 16 17 19
20 21 22 24
21 22 23 25
22 23 24 26
23 24 25 27
24 25 26 28
25 26 27 29
26 27 28 30
27 28 29 31
28 29 30 32
29 30 31 33
30 31 32 34
31 32 33 35
32 33 34 36
33 34 35 37
34 35 36 38
35 36 37 39
40 41 42 44
41 42 43 45
42 43 44 46
43 44 45 47
44 45 46 48
45 46 47 49
46 47 48 50
47 48 49 51
48 49 50 52
49 50 51 53
50 51 52 54
51 52 53 55
52 53 54 56
53 54 55 57
54 55 56 58
55 56 57 59
60 61 62 64
61 62 63 65
62 63 64 66
63 64 65 67
64 65 66 68
65 66 67 69
66 67 68 70
67 68 69 71
68 69 70 72
69 70 71 73
70 71 72 74
71 72 73 75
72 73 74 76
73 74 75 77
74 75 76 78
75 76 77 79
80 81 82 84
81 82 83 85
82 83 84 86
83 84 85 87
84 85 86 88
85 86 87 89
86 87 88 90
87 88 89 91
88 89 90 92
89 90 91 93
90 91 92 94
91 92 93 95
92 93 94 96
93 94 95 97
94 95 96 98
95 96 97 99
100 101 102 104
101 102 103 105
102 103 104 106
103 104 105 107
104 105 106 108
105 106 107 109
106 107 108 110
107 108 109 111
108 109 110 112
109 110 111 113
110 111 112 114
111 112 113 115
112 113 114 116
113 114 115 117
114 115 116 118
115 116 117 119
120 121 122 124
121 122 123 125
122 123 124 126
123 124 125 127
124 125 126 128
125 126 127 129
126 127 128 130
127 128 129 131
128 129 130 132
129 130 131 133
130 131 132 134
131 132 133 135
132 133 134 136
133 134 135 137
134 135 136 138
135 136 137 139
140 141 142 144
141 142 143 145
142 143 144 146
143 144 145 147
144 145 146 148
145 146 147 149
146 147 148 150
147 148 149 151
148 149 150 152
149 150 151 153
150 151 152 154
151 152 153 155
152 153 154 156
153 154 155 157
154 155 156 158
155 156 157 159
160 161 162 164
161 162 163 165
162 163 164 166
163 164 165 167
164 165 166 168
165 166 167 169
166 167 168 170
167 168 169 171
168 169 170 172
169 170 171 173
170 171 172 174
171 172 173 175
172 173 174 176
173 174 175 177
174 175 176 178
175 176 177 179
180 181 182 184
181 182 183 185
182 183 184 186
183 184 185 187
184 185 186 188
185 186 187 189
186 187 188 190
187 188 189 191
188 189 190 192
189 190 191 193
190 191 192 194
191 192 193 195
192 193 194 196
193 194 195 197
194 195 196 198
195 196 197 199
200 201 202 204
201 202 203 205
202 203 204 206
203 204 205 207
204 205 206 208
205 206 207 209
206 207 208 210
207 208 209 211
208 209 210 212
209 210 211 213
210 211 212 214
211 212 213 215
212 213 214 216
213 214 215 217
214 215 216 218
215 216 217 219
220 221 222 224
221 222 223 225
222 223 224 226
223 224 225 227
224 225 226 228
225 226 227 229
226 227 228 230
227 228 229 231
228 229 230 232
229 230 231 233
230 231 232 234
231 232 233 235
232 233 234 236
233 234 235 237
234 235 236 238
235 236 237 239
240 241 242 244
241 242 243 245
242 243 244 246
243 244 245 247
244 245 246 248
245 246 247 249
246 247 248 250
247 248 249 251
248 249 250 252
249 250 251 253
250 251 252 254
251 252 253 255
252 253 254 256
253 254 255 257
254 255 256 258
255 256 257 259
260 261 262 264
261 262 263 265
262 263 264 266
263 264 265 267
264 265 266 268
265 266 267 269
266 267 268 270
267 268 269 271
268 269 270 272
269 270 271 273
270 271 272 274
271 272 273 275
272 273 274 276
273 274 275 277
274 275 276 278
275 276 277 279
280 281 282 284
281 282 283 285
282 283 284 286
283 284 285 287
284 285 286 288
285 286 287 289
286 287 288 290
287 288 289 291
288 289 290 292
289 290 291 293
290 291 292 294
291 292 293 295
292 293 294 296
293 294 295 297
294 295 296 298
295 296 297 299
300 301 302 304
301 302 303 305
302 303 304 306
303 304 305 307
304 305 306 308
305 306 307 309
306 307 308 310
307 308 309 311
308 309 310 312
309 310 311 313
310 311 312 314
311 312 313 315
312 313 314 316
313 314 315 317
314 315 316 318
315 316 317 319
320 321 322 324
321 322 323 325
322 323 324 326
323 324 325 327
324 325 326 328
325 326 327 329
326 327 328 330
327 328 329 331
328 329 330 332
329 330 331 333
330 331 332 334
331 332 333 335
332 333 334 336
333 334 335 337
334 335 336 338
335 336 337 339
340 341 342 344
341 342 343 345
342 343 344 346
343 344 345 347
344 345 346 348
345 346 347 349
346 347 348 350
347 348 349 351
348 349 350 352
349 350 351 353
350 351 352 354
351 352 353 355
352 353 354 356
353 354 355 357
354 355 356 358
355 356 357 359
360 361 362 364
361 362 363 365
362 363 364 366
363 364 365 367
364 365 366 368
365 366 367 369
366 367 368 370
367 368 369 371
368 369 370 372
369 370 371 373
370 371 372 374
371 372 373 375
372 373 374 376
373 374 375 377
374 375 376 378
375 376 377 379
380 381 382 384
381 382 383 385
382 383 384 386
383 384 385 387
384 385 386 388
385 386 387 389
386 387 388 390
387 388 389 391
388 389 390 392
389 390 391 393
390 391 392 394
391 392 393 395
392 393 394 396
393 394 395 397
394 395 396 398
395 396 397 399
0 20 40 80
20 40 60 100
40 60 80 120
60 80 100 140
80 100 120 160
100 120 140 180
120 140 160 200
140 160 180 220
160 180 200 240
180 200 220 260
200 220 240 280
220 240 260 300
240 260 280 320
260 280 300 340
280 300 320 360
300 320 340 380
1 21 41 81
21 41 61 101
41 61 81 121
61 81 101 141
81 101 121 161
101 121 141 181
121 141 161 201
141 161 181 221
161 181 201 241
181 201 221 261
201 221 241 281
221 241 261 301
241 261 281 321
261 281 301 341
281 301 321 361
301 321 341 381
2 22 42 82
22 42 62 102
42 62 82 122
62 82 102 142
82 102 122 162
102 122 142 182
122 142 162 202
142 162 182 222
162 182 202 242
182 202 222 262
202 222 242 282
222 242 262 302
242 262 282 322
262 282 302 342
282 302 322 362
302 322 342 382
3 23 43 83
23 43 63 103
43 63 83 123
63 83 103 143
83 103 123 163
103 123 143 183
123 143 163 203
143 163 183 223
163 183 203 243
183 203 223 263
203 223 243 283
223 243 263 303
243 263 283 323
263 283 303 343
283 303 323 363
303 323 343 383
4 24 44 84
24 44 64 104
44 64 84 124
64 84 104 144
84 104 124 164
104 124 144 184
124 144 164 204
144 164 184 224
164 184 204 244
184 204 224 264
204 224 244 284
224 244 264 304
244 264 284 324
264 284 304 344
284 304 324 364
304 324 344 384
5 25 45 85
25 45 65 105
45 65 85 125
65 85 105 145
85 105 125 165
105 125 145 185
125 145 165 205
145 165 185 225
165 185 205 245
185 205 225 265
205 225 245 285
225 245 265 305
245 265 285 325
265 285 305 345
285 305 325 365
305 325 345 385
6 26 46 86
26 46 66 106
46 66 86 126
66 86 106 146
86 106 126 166
106 126 146 186
126 146 166 206
146 166 186 226
166 186 206 246
186 206 226 266
206 226 246 286
226 246 266 306
246 266 286 326
266 286 306 346
286 306 326 366
306 326 346 386
7 27 47 87
27 47 67 107
47 67 87 127
67 87 107 147
87 107 127 167
107 127 147 187
127 147 167 207
147 167 187 227
167 187 207 247
187 207 227 267
207 227 247 287
227 247 267 307
247 267 287 327
267 287 307 347
287 307 327 367
307 327 347 387
8 28 48 88
28 48 68 108
48 68 88 128
68 88 108 148
88 108 128 168
108 128 148 188
128 148 168 208
148 168 188 228
168 188 208 248
188 208 228 268
208 228 248 288
228 248 268 308
248 268 288 328
268 288 308 348
288 308 328 368
308 328 348 388
9 29 49 89
29 49 69 109
49 69 89 129
69 89 109 149
89 109 129 169
109 129 149 189
129 149 169 209
149 169 189 229
169 189 209 249
189 209 229 269
209 229 249 289
229 249 269 309
249 269 289 329
269 289 309 349
289 309 329 369
309 329 349 389
10 30 50 90
30 50 70 110
50 70 90 130
70 90 110 150
90 110 130 170
110 130 150 190
130 150 170 210
150 170 190 230
170 190 210 250
190 210 230 270
210 230 250 290
230 250 270 310
250 270 290 330
270 290 310 350
290 310 330 370
310 330 350 390
11 31 51 91
31 51 71 111
51 71 91 131
71 91 111 151
91 111 131 171
111 131 151 191
131 151 171 211
151 171 191 231
171 191 211 251
191 211 231 271
211 231 251 291
231 251 271 311
251 271 291 331
271 291 311 351
291 311 331 371
311 331 351 391
12 32 52 92
32 52 72 112
52 72 92 132
72 92 112 152
92 112 132 172
112 132 152 192
132 152 172 212
152 172 192 232
172 192 212 252
192 212 232 272
212 232 252 292
232 252 272 312
252 272 292 332
272 292 312 352
292 312 332 372
312 332 352 392
13 33 53 93
33 53 73 113
53 73 93 133
73 93 113 153
93 113 133 173
113 133 153 193
133 153 173 213
153 173 193 233
173 193 213 253
193 213 233 273
213 233 253 293
233 253 273 313
253 273 293 333
273 293 313 353
293 313 333 373
313 333 353 393
14 34 54 94
34 54 74 114
54 74 94 134
74 94 114 154
94 114 134 174
114 134 154 194
134 154 174 214
154 174 194 234
174 194 214 254
194 214 234 274
214 234 254 294
234 254 274 314
254 274 294 334
274 294 314 354
294 314 334 374
314 334 354 394
15 35 55 95
35 55 75 115
55 75 95 135
75 95 115 155
95 115 135 175
115 135 155 195
135 155 175 215
155 175 195 235
175 195 215 255
195 215 235 275
215 235 255 295
235 255 275 315
255 275 295 335
275 295 315 355
295 315 335 375
315 335 355 395
16 36 56 96
36 56 76 116
56 76 96 136
76 96 116 156
96 116 136 176
116 136 156 196
136 156 176 216
156 176 196 236
176 196 216 256
196 216 236 276
216 236 256 296
236 256 276 316
256 276 296 336
276 296 316 356
296 316 336 376
316 336 356 396
17 37 57 97
37 57 77 117
57 77 97 137
77 97 117 157
97 117 137 177
117 137 157 197
137 157 177 217
157 177 197 237
177 197 217 257
197 217 237 277
217 237 257 297
237 257 277 317
257 277 297 337
277 297 317 357
297 317 337 377
317 337 357 397
18 38 58 98
38 58 78 118
58 78 98 138
78 98 118 158
98 118 138 178
118 138 158 198
138 158 178 218
158 178 198 238
178 198 218 258
198 218 238 278
218 238 258 298
238 258 278 318
258 278 298 338
278 298 318 358
298 318 338 378
318 338 358 398
19 39 59 99
39 59 79 119
59 79 99 139
79 99 119 159
99 119 139 179
119 139 159 199
139 159 179 219
159 179 199 239
179 199 219 259
199 219 239 279
219 239 259 299
239 259 279 319
259 279 299 339
279 299 319 359
299 319 339 379
319 339 359 399
0 21 42 84
21 42 63 105
42 63 84 126
63 84 105 147
84 105 126 168
105 126 147 189
126 147 168 210
147 168 189 231
168 189 210 252
189 210 231 273
210 231 252 294
231 252 273 315
252 273 294 336
273 294 315 357
294 315 336 378
315 336 357 399
1 22 43 85
22 43 64 106
43 64 85 127
64 85 106 148
85 106 127 169
106 127 148 190
127 148 169 211
148 169 190 232
169 190 211 253
190 211 232 274
211 232 253 295
232 253 274 316
253 274 295 337
274 295 316 358
295 316 337 379
2 23 44 86
23 44 65 107
44 65 86 128
65 86 107 149
86 107 128 170
107 128 149 191
128 149 170 212
149 170 191 233
170 191 212 254
191 212 233 275
212 233 254 296
233 254 275 317
254 275 296 338
275 296 317 359
3 24 45 87
24 45 66 108
45 66 87 129
66 87 108 150
87 108 129 171
108 129 150 192
129 150 171 213
150 171 192 234
171 192 213 255
192 213 234 276
213 234 255 297
234 255 276 318
255 276 297 339
4 25 46 88
25 46 67 109
46 67 88 130
67 88 109 151
88 109 130 172
109 130 151 193
130 151 172 214
151 172 193 235
172 193 214 256
193 214 235 277
214 235 256 298
235 256 277 319
5 26 47 89
26 47 68 110
47 68 89 131
68 89 110 152
89 110 131 173
110 131 152 194
131 152 173 215
152 173 194 236
173 194 215 257
194 215 236 278
215 236 257 299
6 27 48 90
27 48 69 111
48 69 90 132
69 90 111 153
90 111 132 174
111 132 153 195
132 153 174 216
153 174 195 237
174 195 216 258
195 216 237 279
7 28 49 91
28 49 70 112
49 70 91 133
70 91 112 154
91 112 133 175
112 133 154 196
133 154 175 217
154 175 196 238
175 196 217 259
8 29 50 92
29 50 71 113
50 71 92 134
71 92 113 155
92 113 134 176
113 134 155 197
134 155 176 218
155 176 197 239
9 30 51 93
30 51 72 114
51 72 93 135
72 93 114 156
93 114 135 177
114 135 156 198
135 156 177 219
10 31 52 94
31 52 73 115
52 73 94 136
73 94 115 157
94 115 136 178
115 136 157 199
11 32 53 95
32 53 74 116
53 74 95 137
74 95 116 158
95 116 137 179
12 33 54 96
33 54 75 117
54 75 96 138
75 96 117 159
13 34 55 97
34 55 76 118
55 76 97 139
14 35 56 98
35 56 77 119
15 36 57 99
20 41 62 104
41 62 83 125
62 83 104 146
83 104 125 167
104 125 146 188
125 146 167 209
146 167 188 230
167 188 209 251
188 209 230 272
209 230 251 293
230 251 272 314
251 272 293 335
272 293 314 356
293 314 335 377
314 335 356 398
40 61 82 124
61 82 103 145
82 103 124 166
103 124 145 187
124 145 166 208
145 166 187 229
166 187 208 250
187 208 229 271
208 229 250 292
229 250 271 313
250 271 292 334
271 292 313 355
292 313 334 376
313 334 355 397
60 81 102 144
81 102 123 165
102 123 144 186
123 144 165 207
144 165 186 228
165 186 207 249
186 207 228 270
207 228 249 291
228 249 270 312
249 270 291 333
270 291 312 354
291 312 333 375
312 333 354 396
80 101 122 164
101 122 143 185
122 143 164 206
143 164 185 227
164 185 206 248
185 206 227 269
206 227 248 290
227 248 269 311
248 269 290 332
269 290 311 353
290 311 332 374
311 332 353 395
100 121 142 184
121 142 163 205
142 163 184 226
163 184 205 247
184 205 226 268
205 226 247 289
226 247 268 310
247 268 289 331
268 289 310 352
289 310 331 373
310 331 352 394
120 141 162 204
141 162 183 225
162 183 204 246
183 204 225 267
204 225 246 288
225 246 267 309
246 267 288 330
267 288 309 351
288 309 330 372
309 330 351 393
140 161 182 224
161 182 203 245
182 203 224 266
203 224 245 287
224 245 266 308
245 266 287 329
266 287 308 350
287 308 329 371
308 329 350 392
160 181 202 244
181 202 223 265
202 223 244 286
223 244 265 307
244 265 286 328
265 286 307 349
286 307 328 370
307 328 349 391
180 201 222 264
201 222 243 285
222 243 264 306
243 264 285 327
264 285 306 348
285 306 327 369
306 327 348 390
200 221 242 284
221 242 263 305
242 263 284 326
263 284 305 347
284 305 326 368
305 326 347 389
220 241 262 304
241 262 283 325
262 283 304 346
283 304 325 367
304 325 346 388
240 261 282 324
261 282 303 345
282 303 324 366
303 324 345 387
260 281 302 344
281 302 323 365
302 323 344 386
280 301 322 364
301 322 343 385
300 321 342 384
4 23 42 80
5 24 43 81
24 43 62 100
6 25 44 82
25 44 63 101
44 63 82 120
7 26 45 83
26 45 64 102
45 64 83 121
64 83 102 140
8 27 46 84
27 46 65 103
46 65 84 122
65 84 103 141
84 103 122 160
9 28 47 85
28 47 66 104
47 66 85 123
66 85 104 142
85 104 123 161
104 123 142 180
10 29 48 86
29 48 67 105
48 67 86 124
67 86 105 143
86 105 124 162
105 124 143 181
124 143 162 200
11 30 49 87
30 49 68 106
49 68 87 125
68 87 106 144
87 106 125 163
106 125 144 182
125 144 163 201
144 163 182 220
12 31 50 88
31 50 69 107
50 69 88 126
69 88 107 145
88 107 126 164
107 126 145 183
126 145 164 202
145 164 183 221
164 183 202 240
13 32 51 89
32 51 70 108
51 70 89 127
70 89 108 146
89 108 127 165
108 127 146 184
127 146 165 203
146 165 184 222
165 184 203 241
184 203 222 260
14 33 52 90
33 52 71 109
52 71 90 128
71 90 109 147
90 109 128 166
109 128 147 185
128 147 166 204
147 166 185 223
166 185 204 242
185 204 223 261
204 223 242 280
15 34 53 91
34 53 72 110
53 72 91 129
72 91 110 148
91 110 129 167
110 129 148 186
129 148 167 205
148 167 186 224
167 186 205 243
186 205 224 262
205 224 243 281
224 243 262 300
16 35 54 92
35 54 73 111
54 73 92 130
73 92 111 149
92 111 130 168
111 130 149 187
130 149 168 206
149 168 187 225
168 187 206 244
187 206 225 263
206 225 244 282
225 244 263 301
244 263 282 320
17 36 55 93
36 55 74 112
55 74 93 131
74 93 112 150
93 112 131 169
112 131 150 188
131 150 169 207
150 169 188 226
169 188 207 245
188 207 226 264
207 226 245 283
226 245 264 302
245 264 283 321
264 283 302 340
18 37 56 94
37 56 75 113
56 75 94 132
75 94 113 151
94 113 132 170
113 132 151 189
132 151 170 208
151 170 189 227
170 189 208 246
189 208 227 265
208 227 246 284
227 246 265 303
246 265 284 322
265 284 303 341
284 303 322 360
19 38 57 95
38 57 76 114
57 76 95 133
76 95 114 152
95 114 133 171
114 133 152 190
133 152 171 209
152 171 190 228
171 190 209 247
190 209 228 266
209 228 247 285
228 247 266 304
247 266 285 323
266 285 304 342
285 304 323 361
304 323 342 380
39 58 77 115
58 77 96 134
77 96 115 153
96 115 134 172
115 134 153 191
134 153 172 210
153 172 191 229
172 191 210 248
191 210 229 267
210 229 248 286
229 248 267 305
248 267 286 324
267 286 305 343
286 305 324 362
305 324 343 381
59 78 97 135
78 97 116 154
97 116 135 173
116 135 154 192
135 154 173 211
154 173 192 230
173 192 211 249
192 211 230 268
211 230 249 287
230 249 268 306
249 268 287 325
268 287 306 344
287 306 325 363
306 325 344 382
79 98 117 155
98 117 136 174
117 136 155 193
136 155 174 212
155 174 193 231
174 193 212 250
193 212 231 269
212 231 250 288
231 250 269 307
250 269 288 326
269 288 307 345
288 307 326 364
307 326 345 383
99 118 137 175
118 137 156 194
137 156 175 213
156 175 194 232
175 194 213 251
194 213 232 270
213 232 251 289
232 251 270 308
251 270 289 327
270 289 308 346
289 308 327 365
308 327 346 384
119 138 157 195
138 157 176 214
157 176 195 233
176 195 214 252
195 214 233 271
214 233 252 290
233 252 271 309
252 271 290 328
271 290 309 347
290 309 328 366
309 328 347 385
139 158 177 215
158 177 196 234
177 196 215 253
196 215 234 272
215 234 253 291
234 253 272 310
253 272 291 329
272 291 310 348
291 310 329 367
310 329 348 386
159 178 197 235
178 197 216 254
197 216 235 273
216 235 254 292
235 254 273 311
254 273 292 330
273 292 311 349
292 311 330 368
311 330 349 387
179 198 217 255
198 217 236 274
217 236 255 293
236 255 274 312
255 274 293 331
274 293 312 350
293 312 331 369
312 331 350 388
199 218 237 275
218 237 256 294
237 256 275 313
256 275 294 332
275 294 313 351
294 313 332 370
313 332 351 389
219 238 257 295
238 257 276 314
257 276 295 333
276 295 314 352
295 314 333 371
314 333 352 390
239 258 277 315
258 277 296 334
277 296 315 353
296 315 334 372
315 334 353 391
259 278 297 335
278 297 316 354
297 316 335 373
316 335 354 392
279 298 317 355
298 317 336 374
317 336 355 393
299 318 337 375
318 337 356 394
319 338 357 395
