0 1 3
1 2 4
1 2 4
2 3 5
2 3 5
3 4 6
3 4 6
4 5 7
4 5 7
5 6 8
5 6 8
6 7 9
6 7 9
7 8 10
7 8 10
8 9 11
8 9 11
9 10 12
9 10 12
10 11 13
10 11 13
11 12 14
11 12 14
12 13 15
12 13 15
13 14 16
13 14 16
14 15 17
14 15 17
15 16 18
15 16 18
16 17 19
20 21 23
21 22 24
21 22 24
22 23 25
22 23 25
23 24 26
23 24 26
24 25 27
24 25 27
25 26 28
25 26 28
26 27 29
26 27 29
27 28 30
27 28 30
28 29 31
28 29 31
29 30 32
29 30 32
30 31 33
30 31 33
31 32 34
31 32 34
32 33 35
32 33 35
33 34 36
33 34 36
34 35 37
34 35 37
35 36 38
35 36 38
36 37 39
40 41 43
41 42 44
41 42 44
42 43 45
42 43 45
43 44 46
43 44 46
44 45 47
44 45 47
45 46 48
45 46 48
46 47 49
46 47 49
47 48 50
47 48 50
48 49 51
48 49 51
49 50 52
49 50 52
50 51 53
50 51 53
51 52 54
51 52 54
52 53 55
52 53 55
53 54 56
53 54 56
54 55 57
54 55 57
55 56 58
55 56 58
56 57 59
60 61 63
61 62 64
61 62 64
62 63 65
62 63 65
63 64 66
63 64 66
64 65 67
64 65 67
65 66 68
65 66 68
66 67 69
66 67 69
67 68 70
67 68 70
68 69 71
68 69 71
69 70 72
69 70 72
70 71 73
70 71 73
71 72 74
71 72 74
72 73 75
72 73 75
73 74 76
73 74 76
74 75 77
74 75 77
75 76 78
75 76 78
76 77 79
80 81 83
81 82 84
81 82 84
82 83 85
82 83 85
83 84 86
83 84 86
84 85 87
84 85 87
85 86 88
85 86 88
86 87 89
86 87 89
87 88 90
87 88 90
88 89 91
88 89 91
89 90 92
89 90 92
90 91 93
90 91 93
91 92 94
91 92 94
92 93 95
92 93 95
93 94 96
93 94 96
94 95 97
94 95 97
95 96 98
95 96 98
96 97 99
100 101 103
101 102 104
101 102 104
102 103 105
102 103 105
103 104 106
103 104 106
104 105 107
104 105 107
105 106 108
105 106 108
106 107 109
106 107 109
107 108 110
107 108 110
108 109 111
108 109 111
109 110 112
109 110 112
110 111 113
110 111 113
111 112 114
111 112 114
112 113 115
112 113 115
113 114 116
113 114 116
114 115 117
114 115 117
115 116 118
115 116 118
116 117 119
120 121 123
121 122 124
121 122 124
122 123 125
122 123 125
123 124 126
123 124 126
124 125 127
124 125 127
125 126 128
125 126 128
126 127 129
126 127 129
127 128 130
127 128 130
128 129 131
128 129 131
129 130 132
129 130 132
130 131 133
130 131 133
131 132 134
131 132 134
132 133 135
132 133 135
133 134 136
133 134 136
134 135 137
134 135 137
135 136 138
135 136 138
136 137 139
140 141 143
141 142 144
141 142 144
142 143 145
142 143 145
143 144 146
143 144 146
144 145 147
144 145 147
145 146 148
145 146 148
146 147 149
146 147 149
147 148 150
147 148 150
148 149 151
148 149 151
149 150 152
149 150 152
150 151 153
150 151 153
151 152 154
151 152 154
152 153 155
152 153 155
153 154 156
153 154 156
154 155 157
154 155 157
155 156 158
155 156 158
156 157 159
160 161 163
161 162 164
161 162 164
162 163 165
162 163 165
163 164 166
163 164 166
164 165 167
164 165 167
165 166 168
165 166 168
166 167 169
166 167 169
167 168 170
167 168 170
168 169 171
168 169 171
169 170 172
169 170 172
170 171 173
170 171 173
171 172 174
171 172 174
172 173 175
172 173 175
173 174 176
173 174 176
174 175 177
174 175 177
175 176 178
175 176 178
176 177 179
180 181 183
181 182 184
181 182 184
182 183 185
182 183 185
183 184 186
183 184 186
184 185 187
184 185 187
185 186 188
185 186 188
186 187 189
186 187 189
187 188 190
187 188 190
188 189 191
188 189 191
189 190 192
189 190 192
190 191 193
190 191 193
191 192 194
191 192 194
192 193 195
192 193 195
193 194 196
193 194 196
194 195 197
194 195 197
195 196 198
195 196 198
196 197 199
200 201 203
201 202 204
201 202 204
202 203 205
202 203 205
203 204 206
203 204 206
204 205 207
204 205 207
205 206 208
205 206 208
206 207 209
206 207 209
207 208 210
207 208 210
208 209 211
208 209 211
209 210 212
209 210 212
210 211 213
210 211 213
211 212 214
211 212 214
212 213 215
212 213 215
213 214 216
213 214 216
214 215 217
214 215 217
215 216 218
215 216 218
216 217 219
220 221 223
221 222 224
221 222 224
222 223 225
222 223 225
223 224 226
223 224 226
224 225 227
224 225 227
225 226 228
225 226 228
226 227 229
226 227 229
227 228 230
227 228 230
228 229 231
228 229 231
229 230 232
229 230 232
230 231 233
230 231 233
231 232 234
231 232 234
232 233 235
232 233 235
233 234 236
233 234 236
234 235 237
234 235 237
235 236 238
235 236 238
236 237 239
240 241 243
241 242 244
241 242 244
242 243 245
242 243 245
243 244 246
243 244 246
244 245 247
244 245 247
245 246 248
245 246 248
246 247 249
246 247 249
247 248 250
247 248 250
248 249 251
248 249 251
249 250 252
249 250 252
250 251 253
250 251 253
251 252 254
251 252 254
252 253 255
252 253 255
253 254 256
253 254 256
254 255 257
254 255 257
255 256 258
255 256 258
256 257 259
260 261 263
261 262 264
261 262 264
262 263 265
262 263 265
263 264 266
263 264 266
264 265 267
264 265 267
265 266 268
265 266 268
266 267 269
266 267 269
267 268 270
267 268 270
268 269 271
268 269 271
269 270 272
269 270 272
270 271 273
270 271 273
271 272 274
271 272 274
272 273 275
272 273 275
273 274 276
273 274 276
274 275 277
274 275 277
275 276 278
275 276 278
276 277 279
280 281 283
281 282 284
281 282 284
282 283 285
282 283 285
283 284 286
283 284 286
284 285 287
284 285 287
285 286 288
285 286 288
286 287 289
286 287 289
287 288 290
287 288 290
288 289 291
288 289 291
289 290 292
289 290 292
290 291 293
290 291 293
291 292 294
291 292 294
292 293 295
292 293 295
293 294 296
293 294 296
294 295 297
294 295 297
295 296 298
295 296 298
296 297 299
300 301 303
301 302 304
301 302 304
302 303 305
302 303 305
303 304 306
303 304 306
304 305 307
304 305 307
305 306 308
305 306 308
306 307 309
306 307 309
307 308 310
307 308 310
308 309 311
308 309 311
309 310 312
309 310 312
310 311 313
310 311 313
311 312 314
311 312 314
312 313 315
312 313 315
313 314 316
313 314 316
314 315 317
314 315 317
315 316 318
315 316 318
316 317 319
320 321 323
321 322 324
321 322 324
322 323 325
322 323 325
323 324 326
323 324 326
324 325 327
324 325 327
325 326 328
325 326 328
326 327 329
326 327 329
327 328 330
327 328 330
328 329 331
328 329 331
329 330 332
329 330 332
330 331 333
330 331 333
331 332 334
331 332 334
332 333 335
332 333 335
333 334 336
333 334 336
334 335 337
334 335 337
335 336 338
335 336 338
336 337 339
340 341 343
341 342 344
341 342 344
342 343 345
342 343 345
343 344 346
343 344 346
344 345 347
344 345 347
345 346 348
345 346 348
346 347 349
346 347 349
347 348 350
347 348 350
348 349 351
348 349 351
349 350 352
349 350 352
350 351 353
350 351 353
351 352 354
351 352 354
352 353 355
352 353 355
353 354 356
353 354 356
354 355 357
354 355 357
355 356 358
355 356 358
356 357 359
360 361 363
361 362 364
361 362 364
362 363 365
362 363 365
363 364 366
363 364 366
364 365 367
364 365 367
365 366 368
365 366 368
366 367 369
366 367 369
367 368 370
367 368 370
368 369 371
368 369 371
369 370 372
369 370 372
370 371 373
370 371 373
371 372 374
371 372 374
372 373 375
372 373 375
373 374 376
373 374 376
374 375 377
374 375 377
375 376 378
375 376 378
376 377 379
380 381 383
381 382 384
381 382 384
382 383 385
382 383 385
383 384 386
383 384 386
384 385 387
384 385 387
385 386 388
385 386 388
386 387 389
386 387 389
387 388 390
387 388 390
388 389 391
388 389 391
389 390 392
389 390 392
390 391 393
390 391 393
391 392 394
391 392 394
392 393 395
392 393 395
393 394 396
393 394 396
394 395 397
394 395 397
395 396 398
395 396 398
396 397 399
0 20 60
20 40 80
20 40 80
40 60 100
40 60 100
60 80 120
60 80 120
80 100 140
80 100 140
100 120 160
100 120 160
120 140 180
120 140 180
140 160 200
140 160 200
160 180 220
160 180 220
180 200 240
180 200 240
200 220 260
200 220 260
220 240 280
220 240 280
240 260 300
240 260 300
260 280 320
260 280 320
280 300 340
280 300 340
300 320 360
300 320 360
320 340 380
1 21 61
21 41 81
21 41 81
41 61 101
41 61 101
61 81 121
61 81 121
81 101 141
81 101 141
101 121 161
101 121 161
121 141 181
121 141 181
141 161 201
141 161 201
161 181 221
161 181 221
181 201 241
181 201 241
201 221 261
201 221 261
221 241 281
221 241 281
241 261 301
241 261 301
261 281 321
261 281 321
281 301 341
281 301 341
301 321 361
301 321 361
321 341 381
2 22 62
22 42 82
22 42 82
42 62 102
42 62 102
62 82 122
62 82 122
82 102 142
82 102 142
102 122 162
102 122 162
122 142 182
122 142 182
142 162 202
142 162 202
162 182 222
162 182 222
182 202 242
182 202 242
202 222 262
202 222 262
222 242 282
222 242 282
242 262 302
242 262 302
262 282 322
262 282 322
282 302 342
282 302 342
302 322 362
302 322 362
322 342 382
3 23 63
23 43 83
23 43 83
43 63 103
43 63 103
63 83 123
63 83 123
83 103 143
83 103 143
103 123 163
103 123 163
123 143 183
123 143 183
143 163 203
143 163 203
163 183 223
163 183 223
183 203 243
183 203 243
203 223 263
203 223 263
223 243 283
223 243 283
243 263 303
243 263 303
263 283 323
263 283 323
283 303 343
283 303 343
303 323 363
303 323 363
323 343 383
4 24 64
24 44 84
24 44 84
44 64 104
44 64 104
64 84 124
64 84 124
84 104 144
84 104 144
104 124 164
104 124 164
124 144 184
124 144 184
144 164 204
144 164 204
164 184 224
164 184 224
184 204 244
184 204 244
204 224 264
204 224 264
224 244 284
224 244 284
244 264 304
244 264 304
264 284 324
264 284 324
284 304 344
284 304 344
304 324 364
304 324 364
324 344 384
5 25 65
25 45 85
25 45 85
45 65 105
45 65 105
65 85 125
65 85 125
85 105 145
85 105 145
105 125 165
105 125 165
125 145 185
125 145 185
145 165 205
145 165 205
165 185 225
165 185 225
185 205 245
185 205 245
205 225 265
205 225 265
225 245 285
225 245 285
245 265 305
245 265 305
265 285 325
265 285 325
285 305 345
285 305 345
305 325 365
305 325 365
325 345 385
6 26 66
26 46 86
26 46 86
46 66 106
46 66 106
66 86 126
66 86 126
86 106 146
86 106 146
106 126 166
106 126 166
126 146 186
126 146 186
146 166 206
146 166 206
166 186 226
166 186 226
186 206 246
186 206 246
206 226 266
206 226 266
226 246 286
226 246 286
246 266 306
246 266 306
266 286 326
266 286 326
286 306 346
286 306 346
306 326 366
306 326 366
326 346 386
7 27 67
27 47 87
27 47 87
47 67 107
47 67 107
67 87 127
67 87 127
87 107 147
87 107 147
107 127 167
107 127 167
127 147 187
127 147 187
147 167 207
147 167 207
167 187 227
167 187 227
187 207 247
187 207 247
207 227 267
207 227 267
227 247 287
227 247 287
247 267 307
247 267 307
267 287 327
267 287 327
287 307 347
287 307 347
307 327 367
307 327 367
327 347 387
8 28 68
28 48 88
28 48 88
48 68 108
48 68 108
68 88 128
68 88 128
88 108 148
88 108 148
108 128 168
108 128 168
128 148 188
128 148 188
148 168 208
148 168 208
168 188 228
168 188 228
188 208 248
188 208 248
208 228 268
208 228 268
228 248 288
228 248 288
248 268 308
248 268 308
268 288 328
268 288 328
288 308 348
288 308 348
308 328 368
308 328 368
328 348 388
9 29 69
29 49 89
29 49 89
49 69 109
49 69 109
69 89 129
69 89 129
89 109 149
89 109 149
109 129 169
109 129 169
129 149 189
129 149 189
149 169 209
149 169 209
169 189 229
169 189 229
189 209 249
189 209 249
209 229 269
209 229 269
229 249 289
229 249 289
249 269 309
249 269 309
269 289 329
269 289 329
289 309 349
289 309 349
309 329 369
309 329 369
329 349 389
10 30 70
30 50 90
30 50 90
50 70 110
50 70 110
70 90 130
70 90 130
90 110 150
90 110 150
110 130 170
110 130 170
130 150 190
130 150 190
150 170 210
150 170 210
170 190 230
170 190 230
190 210 250
190 210 250
210 230 270
210 230 270
230 250 290
230 250 290
250 270 310
250 270 310
270 290 330
270 290 330
290 310 350
290 310 350
310 330 370
310 330 370
330 350 390
11 31 71
31 51 91
31 51 91
51 71 111
51 71 111
71 91 131
71 91 131
91 111 151
91 111 151
111 131 171
111 131 171
131 151 191
131 151 191
151 171 211
151 171 211
171 191 231
171 191 231
191 211 251
191 211 251
211 231 271
211 231 271
231 251 291
231 251 291
251 271 311
251 271 311
271 291 331
271 291 331
291 311 351
291 311 351
311 331 371
311 331 371
331 351 391
12 32 72
32 52 92
32 52 92
52 72 112
52 72 112
72 92 132
72 92 132
92 112 152
92 112 152
112 132 172
112 132 172
132 152 192
132 152 192
152 172 212
152 172 212
172 192 232
172 192 232
192 212 252
192 212 252
212 232 272
212 232 272
232 252 292
232 252 292
252 272 312
252 272 312
272 292 332
272 292 332
292 312 352
292 312 352
312 332 372
312 332 372
332 352 392
13 33 73
33 53 93
33 53 93
53 73 113
53 73 113
73 93 133
73 93 133
93 113 153
93 113 153
113 133 173
113 133 173
133 153 193
133 153 193
153 173 213
153 173 213
173 193 233
173 193 233
193 213 253
193 213 253
213 233 273
213 233 273
233 253 293
233 253 293
253 273 313
253 273 313
273 293 333
273 293 333
293 313 353
293 313 353
313 333 373
313 333 373
333 353 393
14 34 74
34 54 94
34 54 94
54 74 114
54 74 114
74 94 134
74 94 134
94 114 154
94 114 154
114 134 174
114 134 174
134 154 194
134 154 194
154 174 214
154 174 214
174 194 234
174 194 234
194 214 254
194 214 254
214 234 274
214 234 274
234 254 294
234 254 294
254 274 314
254 274 314
274 294 334
274 294 334
294 314 354
294 314 354
314 334 374
314 334 374
334 354 394
15 35 75
35 55 95
35 55 95
55 75 115
55 75 115
75 95 135
75 95 135
95 115 155
95 115 155
115 135 175
115 135 175
135 155 195
135 155 195
155 175 215
155 175 215
175 195 235
175 195 235
195 215 255
195 215 255
215 235 275
215 235 275
235 255 295
235 255 295
255 275 315
255 275 315
275 295 335
275 295 335
295 315 355
295 315 355
315 335 375
315 335 375
335 355 395
16 36 76
36 56 96
36 56 96
56 76 116
56 76 116
76 96 136
76 96 136
96 116 156
96 116 156
116 136 176
116 136 176
136 156 196
136 156 196
156 176 216
156 176 216
176 196 236
176 196 236
196 216 256
196 216 256
216 236 276
216 236 276
236 256 296
236 256 296
256 276 316
256 276 316
276 296 336
276 296 336
296 316 356
296 316 356
316 336 376
316 336 376
336 356 396
17 37 77
37 57 97
37 57 97
57 77 117
57 77 117
77 97 137
77 97 137
97 117 157
97 117 157
117 137 177
117 137 177
137 157 197
137 157 197
157 177 217
157 177 217
177 197 237
177 197 237
197 217 257
197 217 257
217 237 277
217 237 277
237 257 297
237 257 297
257 277 317
257 277 317
277 297 337
277 297 337
297 317 357
297 317 357
317 337 377
317 337 377
337 357 397
18 38 78
38 58 98
38 58 98
58 78 118
58 78 118
78 98 138
78 98 138
98 118 158
98 118 158
118 138 178
118 138 178
138 158 198
138 158 198
158 178 218
158 178 218
178 198 238
178 198 238
198 218 258
198 218 258
218 238 278
218 238 278
238 258 298
238 258 298
258 278 318
258 278 318
278 298 338
278 298 338
298 318 358
298 318 358
318 338 378
318 338 378
338 358 398
19 39 79
39 59 99
39 59 99
59 79 119
59 79 119
79 99 139
79 99 139
99 119 159
99 119 159
119 139 179
119 139 179
139 159 199
139 159 199
159 179 219
159 179 219
179 199 239
179 199 239
199 219 259
199 219 259
219 239 279
219 239 279
239 259 299
239 259 299
259 279 319
259 279 319
279 299 339
279 299 339
299 319 359
299 319 359
319 339 379
319 339 379
339 359 399
0 21 63
21 42 84
21 42 84
42 63 105
42 63 105
63 84 126
63 84 126
84 105 147
84 105 147
105 126 168
105 126 168
126 147 189
126 147 189
147 168 210
147 168 210
168 189 231
168 189 231
189 210 252
189 210 252
210 231 273
210 231 273
231 252 294
231 252 294
252 273 315
252 273 315
273 294 336
273 294 336
294 315 357
294 315 357
315 336 378
315 336 378
336 357 399
1 22 64
22 43 85
22 43 85
43 64 106
43 64 106
64 85 127
64 85 127
85 106 148
85 106 148
106 127 169
106 127 169
127 148 190
127 148 190
148 169 211
148 169 211
169 190 232
169 190 232
190 211 253
190 211 253
211 232 274
211 232 274
232 253 295
232 253 295
253 274 316
253 274 316
274 295 337
274 295 337
295 316 358
295 316 358
316 337 379
2 23 65
23 44 86
23 44 86
44 65 107
44 65 107
65 86 128
65 86 128
86 107 149
86 107 149
107 128 170
107 128 170
128 149 191
128 149 191
149 170 212
149 170 212
170 191 233
170 191 233
191 212 254
191 212 254
212 233 275
212 233 275
233 254 296
233 254 296
254 275 317
254 275 317
275 296 338
275 296 338
296 317 359
3 24 66
24 45 87
24 45 87
45 66 108
45 66 108
66 87 129
66 87 129
87 108 150
87 108 150
108 129 171
108 129 171
129 150 192
129 150 192
150 171 213
150 171 213
171 192 234
171 192 234
192 213 255
192 213 255
213 234 276
213 234 276
234 255 297
234 255 297
255 276 318
255 276 318
276 297 339
4 25 67
25 46 88
25 46 88
46 67 109
46 67 109
67 88 130
67 88 130
88 109 151
88 109 151
109 130 172
109 130 172
130 151 193
130 151 193
151 172 214
151 172 214
172 193 235
172 193 235
193 214 256
193 214 256
214 235 277
214 235 277
235 256 298
235 256 298
256 277 319
5 26 68
26 47 89
26 47 89
47 68 110
47 68 110
68 89 131
68 89 131
89 110 152
89 110 152
110 131 173
110 131 173
131 152 194
131 152 194
152 173 215
152 173 215
173 194 236
173 194 236
194 215 257
194 215 257
215 236 278
215 236 278
236 257 299
6 27 69
27 48 90
27 48 90
48 69 111
48 69 111
69 90 132
69 90 132
90 111 153
90 111 153
111 132 174
111 132 174
132 153 195
132 153 195
153 174 216
153 174 216
174 195 237
174 195 237
195 216 258
195 216 258
216 237 279
7 28 70
28 49 91
28 49 91
49 70 112
49 70 112
70 91 133
70 91 133
91 112 154
91 112 154
112 133 175
112 133 175
133 154 196
133 154 196
154 175 217
154 175 217
175 196 238
175 196 238
196 217 259
8 29 71
29 50 92
29 50 92
50 71 113
50 71 113
71 92 134
71 92 134
92 113 155
92 113 155
113 134 176
113 134 176
134 155 197
134 155 197
155 176 218
155 176 218
176 197 239
9 30 72
30 51 93
30 51 93
51 72 114
51 72 114
72 93 135
72 93 135
93 114 156
93 114 156
114 135 177
114 135 177
135 156 198
135 156 198
156 177 219
10 31 73
31 52 94
31 52 94
52 73 115
52 73 115
73 94 136
73 94 136
94 115 157
94 115 157
115 136 178
115 136 178
136 157 199
11 32 74
32 53 95
32 53 95
53 74 116
53 74 116
74 95 137
74 95 137
95 116 158
95 116 158
116 137 179
12 33 75
33 54 96
33 54 96
54 75 117
54 75 117
75 96 138
75 96 138
96 117 159
13 34 76
34 55 97
34 55 97
55 76 118
55 76 118
76 97 139
14 35 77
35 56 98
35 56 98
56 77 119
15 36 78
36 57 99
20 41 83
41 62 104
41 62 104
62 83 125
62 83 125
83 104 146
83 104 146
104 125 167
104 125 167
125 146 188
125 146 188
146 167 209
146 167 209
167 188 230
167 188 230
188 209 251
188 209 251
209 230 272
209 230 272
230 251 293
230 251 293
251 272 314
251 272 314
272 293 335
272 293 335
293 314 356
293 314 356
314 335 377
314 335 377
335 356 398
40 61 103
61 82 124
61 82 124
82 103 145
82 103 145
103 124 166
103 124 166
124 145 187
124 145 187
145 166 208
145 166 208
166 187 229
166 187 229
187 208 250
187 208 250
208 229 271
208 229 271
229 250 292
229 250 292
250 271 313
250 271 313
271 292 334
271 292 334
292 313 355
292 313 355
313 334 376
313 334 376
334 355 397
60 81 123
81 102 144
81 102 144
102 123 165
102 123 165
123 144 186
123 144 186
144 165 207
144 165 207
165 186 228
165 186 228
186 207 249
186 207 249
207 228 270
207 228 270
228 249 291
228 249 291
249 270 312
249 270 312
270 291 333
270 291 333
291 312 354
291 312 354
312 333 375
312 333 375
333 354 396
80 101 143
101 122 164
101 122 164
122 143 185
122 143 185
143 164 206
143 164 206
164 185 227
164 185 227
185 206 248
185 206 248
206 227 269
206 227 269
227 248 290
227 248 290
248 269 311
248 269 311
269 290 332
269 290 332
290 311 353
290 311 353
311 332 374
311 332 374
332 353 395
100 121 163
121 142 184
121 142 184
142 163 205
142 163 205
163 184 226
163 184 226
184 205 247
184 205 247
205 226 268
205 226 268
226 247 289
226 247 289
247 268 310
247 268 310
268 289 331
268 289 331
289 310 352
289 310 352
310 331 373
310 331 373
331 352 394
120 141 183
141 162 204
141 162 204
162 183 225
162 183 225
183 204 246
183 204 246
204 225 267
204 225 267
225 246 288
225 246 288
246 267 309
246 267 309
267 288 330
267 288 330
288 309 351
288 309 351
309 330 372
309 330 372
330 351 393
140 161 203
161 182 224
161 182 224
182 203 245
182 203 245
203 224 266
203 224 266
224 245 287
224 245 287
245 266 308
245 266 308
266 287 329
266 287 329
287 308 350
287 308 350
308 329 371
308 329 371
329 350 392
160 181 223
181 202 244
181 202 244
202 223 265
202 223 265
223 244 286
223 244 286
244 265 307
244 265 307
265 286 328
265 286 328
286 307 349
286 307 349
307 328 370
307 328 370
328 349 391
180 201 243
201 222 264
201 222 264
222 243 285
222 243 285
243 264 306
243 264 306
264 285 327
264 285 327
285 306 348
285 306 348
306 327 369
306 327 369
327 348 390
200 221 263
221 242 284
221 242 284
242 263 305
242 263 305
263 284 326
263 284 326
284 305 347
284 305 347
305 326 368
305 326 368
326 347 389
220 241 283
241 262 304
241 262 304
262 283 325
262 283 325
283 304 346
283 304 346
304 325 367
304 325 367
325 346 388
240 261 303
261 282 324
261 282 324
282 303 345
282 303 345
303 324 366
303 324 366
324 345 387
260 281 323
281 302 344
281 302 344
302 323 365
302 323 365
323 344 386
280 301 343
301 322 364
301 322 364
322 343 385
300 321 363
321 342 384
4 23 61
23 42 80
5 24 62
24 43 81
24 43 81
43 62 100
6 25 63
25 44 82
25 44 82
44 63 101
44 63 101
63 82 120
7 26 64
26 45 83
26 45 83
45 64 102
45 64 102
64 83 121
64 83 121
83 102 140
8 27 65
27 46 84
27 46 84
46 65 103
46 65 103
65 84 122
65 84 122
84 103 141
84 103 141
103 122 160
9 28 66
28 47 85
28 47 85
47 66 104
47 66 104
66 85 123
66 85 123
85 104 142
85 104 142
104 123 161
104 123 161
123 142 180
10 29 67
29 48 86
29 48 86
48 67 105
48 67 105
67 86 124
67 86 124
86 105 143
86 105 143
105 124 162
105 124 162
124 143 181
124 143 181
143 162 200
11 30 68
30 49 87
30 49 87
49 68 106
49 68 106
68 87 125
68 87 125
87 106 144
87 106 144
106 125 163
106 125 163
125 144 182
125 144 182
144 163 201
144 163 201
163 182 220
12 31 69
31 50 88
31 50 88
50 69 107
50 69 107
69 88 126
69 88 126
88 107 145
88 107 145
107 126 164
107 126 164
126 145 183
126 145 183
145 164 202
145 164 202
164 183 221
164 183 221
183 202 240
13 32 70
32 51 89
32 51 89
51 70 108
51 70 108
70 89 127
70 89 127
89 108 146
89 108 146
108 127 165
108 127 165
127 146 184
127 146 184
146 165 203
146 165 203
165 184 222
165 184 222
184 203 241
184 203 241
203 222 260
14 33 71
33 52 90
33 52 90
52 71 109
52 71 109
71 90 128
71 90 128
90 109 147
90 109 147
109 128 166
109 128 166
128 147 185
128 147 185
147 166 204
147 166 204
166 185 223
166 185 223
185 204 242
185 204 242
204 223 261
204 223 261
223 242 280
15 34 72
34 53 91
34 53 91
53 72 110
53 72 110
72 91 129
72 91 129
91 110 148
91 110 148
110 129 167
110 129 167
129 148 186
129 148 186
148 167 205
148 167 205
167 186 224
167 186 224
186 205 243
186 205 243
205 224 262
205 224 262
224 243 281
224 243 281
243 262 300
16 35 73
35 54 92
35 54 92
54 73 111
54 73 111
73 92 130
73 92 130
92 111 149
92 111 149
111 130 168
111 130 168
130 149 187
130 149 187
149 168 206
149 168 206
168 187 225
168 187 225
187 206 244
187 206 244
206 225 263
206 225 263
225 244 282
225 244 282
244 263 301
244 263 301
263 282 320
17 36 74
36 55 93
36 55 93
55 74 112
55 74 112
74 93 131
74 93 131
93 112 150
93 112 150
112 131 169
112 131 169
131 150 188
131 150 188
150 169 207
150 169 207
169 188 226
169 188 226
188 207 245
188 207 245
207 226 264
207 226 264
226 245 283
226 245 283
245 264 302
245 264 302
264 283 321
264 283 321
283 302 340
18 37 75
37 56 94
37 56 94
56 75 113
56 75 113
75 94 132
75 94 132
94 113 151
94 113 151
113 132 170
113 132 170
132 151 189
132 151 189
151 170 208
151 170 208
170 189 227
170 189 227
189 208 246
189 208 246
208 227 265
208 227 265
227 246 284
227 246 284
246 265 303
246 265 303
265 284 322
265 284 322
284 303 341
284 303 341
303 322 360
19 38 76
38 57 95
38 57 95
57 76 114
57 76 114
76 95 133
76 95 133
95 114 152
95 114 152
114 133 171
114 133 171
133 152 190
133 152 190
152 171 209
152 171 209
171 190 228
171 190 228
190 209 247
190 209 247
209 228 266
209 228 266
228 247 285
228 247 285
247 266 304
247 266 304
266 285 323
266 285 323
285 304 342
285 304 342
304 323 361
304 323 361
323 342 380
39 58 96
58 77 115
58 77 115
77 96 134
77 96 134
96 115 153
96 115 153
115 134 172
115 134 172
134 153 191
134 153 191
153 172 210
153 172 210
172 191 229
172 191 229
191 210 248
191 210 248
210 229 267
210 229 267
229 248 286
229 248 286
248 267 305
248 267 305
267 286 324
267 286 324
286 305 343
286 305 343
305 324 362
305 324 362
324 343 381
59 78 116
78 97 135
78 97 135
97 116 154
97 116 154
116 135 173
116 135 173
135 154 192
135 154 192
154 173 211
154 173 211
173 192 230
173 192 230
192 211 249
192 211 249
211 230 268
211 230 268
230 249 287
230 249 287
249 268 306
249 268 306
268 287 325
268 287 325
287 306 344
287 306 344
306 325 363
306 325 363
325 344 382
79 98 136
98 117 155
98 117 155
117 136 174
117 136 174
136 155 193
136 155 193
155 174 212
155 174 212
174 193 231
174 193 231
193 212 250
193 212 250
212 231 269
212 231 269
231 250 288
231 250 288
250 269 307
250 269 307
269 288 326
269 288 326
288 307 345
288 307 345
307 326 364
307 326 364
326 345 383
99 118 156
118 137 175
118 137 175
137 156 194
137 156 194
156 175 213
156 175 213
175 194 232
175 194 232
194 213 251
194 213 251
213 232 270
213 232 270
232 251 289
232 251 289
251 270 308
251 270 308
270 289 327
270 289 327
289 308 346
289 308 346
308 327 365
308 327 365
327 346 384
119 138 176
138 157 195
138 157 195
157 176 214
157 176 214
176 195 233
176 195 233
195 214 252
195 214 252
214 233 271
214 233 271
233 252 290
233 252 290
252 271 309
252 271 309
271 290 328
271 290 328
290 309 347
290 309 347
309 328 366
309 328 366
328 347 385
139 158 196
158 177 215
158 177 215
177 196 234
177 196 234
196 215 253
196 215 253
215 234 272
215 234 272
234 253 291
234 253 291
253 272 310
253 272 310
272 291 329
272 291 329
291 310 348
291 310 348
310 329 367
310 329 367
329 348 386
159 178 216
178 197 235
178 197 235
197 216 254
197 216 254
216 235 273
216 235 273
235 254 292
235 254 292
254 273 311
254 273 311
273 292 330
273 292 330
292 311 349
292 311 349
311 330 368
311 330 368
330 349 387
179 198 236
198 217 255
198 217 255
217 236 274
217 236 274
236 255 293
236 255 293
255 274 312
255 274 312
274 293 331
274 293 331
293 312 350
293 312 350
312 331 369
312 331 369
331 350 388
199 218 256
218 237 275
218 237 275
237 256 294
237 256 294
256 275 313
256 275 313
275 294 332
275 294 332
294 313 351
294 313 351
313 332 370
313 332 370
332 351 389
219 238 276
238 257 295
238 257 295
257 276 314
257 276 314
276 295 333
276 295 333
295 314 352
295 314 352
314 333 371
314 333 371
333 352 390
239 258 296
258 277 315
258 277 315
277 296 334
277 296 334
296 315 353
296 315 353
315 334 372
315 334 372
334 353 391
259 278 316
278 297 335
278 297 335
297 316 354
297 316 354
316 335 373
316 335 373
335 354 392
279 298 336
298 317 355
298 317 355
317 336 374
317 336 374
336 355 393
299 318 356
318 337 375
318 337 375
337 356 394
319 338 376
338 357 395
