0 2 3
1 3 4
1 3 4
2 4 5
2 4 5
3 5 6
3 5 6
4 6 7
4 6 7
5 7 8
5 7 8
6 8 9
6 8 9
7 9 10
7 9 10
8 10 11
8 10 11
9 11 12
9 11 12
10 12 13
10 12 13
11 13 14
11 13 14
12 14 15
12 14 15
13 15 16
13 15 16
14 16 17
14 16 17
15 17 18
15 17 18
16 18 19
20 22 23
21 23 24
21 23 24
22 24 25
22 24 25
23 25 26
23 25 26
24 26 27
24 26 27
25 27 28
25 27 28
26 28 29
26 28 29
27 29 30
27 29 30
28 30 31
28 30 31
29 31 32
29 31 32
30 32 33
30 32 33
31 33 34
31 33 34
32 34 35
32 34 35
33 35 36
33 35 36
34 36 37
34 36 37
35 37 38
35 37 38
36 38 39
40 42 43
41 43 44
41 43 44
42 44 45
42 44 45
43 45 46
43 45 46
44 46 47
44 46 47
45 47 48
45 47 48
46 48 49
46 48 49
47 49 50
47 49 50
48 50 51
48 50 51
49 51 52
49 51 52
50 52 53
50 52 53
51 53 54
51 53 54
52 54 55
52 54 55
53 55 56
53 55 56
54 56 57
54 56 57
55 57 58
55 57 58
56 58 59
60 62 63
61 63 64
61 63 64
62 64 65
62 64 65
63 65 66
63 65 66
64 66 67
64 66 67
65 67 68
65 67 68
66 68 69
66 68 69
67 69 70
67 69 70
68 70 71
68 70 71
69 71 72
69 71 72
70 72 73
70 72 73
71 73 74
71 73 74
72 74 75
72 74 75
73 75 76
73 75 76
74 76 77
74 76 77
75 77 78
75 77 78
76 78 79
80 82 83
81 83 84
81 83 84
82 84 85
82 84 85
83 85 86
83 85 86
84 86 87
84 86 87
85 87 88
85 87 88
86 88 89
86 88 89
87 89 90
87 89 90
88 90 91
88 90 91
89 91 92
89 91 92
90 92 93
90 92 93
91 93 94
91 93 94
92 94 95
92 94 95
93 95 96
93 95 96
94 96 97
94 96 97
95 97 98
95 97 98
96 98 99
100 102 103
101 103 104
101 103 104
102 104 105
102 104 105
103 105 106
103 105 106
104 106 107
104 106 107
105 107 108
105 107 108
106 108 109
106 108 109
107 109 110
107 109 110
108 110 111
108 110 111
109 111 112
109 111 112
110 112 113
110 112 113
111 113 114
111 113 114
112 114 115
112 114 115
113 115 116
113 115 116
114 116 117
114 116 117
115 117 118
115 117 118
116 118 119
120 122 123
121 123 124
121 123 124
122 124 125
122 124 125
123 125 126
123 125 126
124 126 127
124 126 127
125 127 128
125 127 128
126 128 129
126 128 129
127 129 130
127 129 130
128 130 131
128 130 131
129 131 132
129 131 132
130 132 133
130 132 133
131 133 134
131 133 134
132 134 135
132 134 135
133 135 136
133 135 136
134 136 137
134 136 137
135 137 138
135 137 138
136 138 139
140 142 143
141 143 144
141 143 144
142 144 145
142 144 145
143 145 146
143 145 146
144 146 147
144 146 147
145 147 148
145 147 148
146 148 149
146 148 149
147 149 150
147 149 150
148 150 151
148 150 151
149 151 152
149 151 152
150 152 153
150 152 153
151 153 154
151 153 154
152 154 155
152 154 155
153 155 156
153 155 156
154 156 157
154 156 157
155 157 158
155 157 158
156 158 159
160 162 163
161 163 164
161 163 164
162 164 165
162 164 165
163 165 166
163 165 166
164 166 167
164 166 167
165 167 168
165 167 168
166 168 169
166 168 169
167 169 170
167 169 170
168 170 171
168 170 171
169 171 172
169 171 172
170 172 173
170 172 173
171 173 174
171 173 174
172 174 175
172 174 175
173 175 176
173 175 176
174 176 177
174 176 177
175 177 178
175 177 178
176 178 179
180 182 183
181 183 184
181 183 184
182 184 185
182 184 185
183 185 186
183 185 186
184 186 187
184 186 187
185 187 188
185 187 188
186 188 189
186 188 189
187 189 190
187 189 190
188 190 191
188 190 191
189 191 192
189 191 192
190 192 193
190 192 193
191 193 194
191 193 194
192 194 195
192 194 195
193 195 196
193 195 196
194 196 197
194 196 197
195 197 198
195 197 198
196 198 199
200 202 203
201 203 204
201 203 204
202 204 205
202 204 205
203 205 206
203 205 206
204 206 207
204 206 207
205 207 208
205 207 208
206 208 209
206 208 209
207 209 210
207 209 210
208 210 211
208 210 211
209 211 212
209 211 212
210 212 213
210 212 213
211 213 214
211 213 214
212 214 215
212 214 215
213 215 216
213 215 216
214 216 217
214 216 217
215 217 218
215 217 218
216 218 219
220 222 223
221 223 224
221 223 224
222 224 225
222 224 225
223 225 226
223 225 226
224 226 227
224 226 227
225 227 228
225 227 228
226 228 229
226 228 229
227 229 230
227 229 230
228 230 231
228 230 231
229 231 232
229 231 232
230 232 233
230 232 233
231 233 234
231 233 234
232 234 235
232 234 235
233 235 236
233 235 236
234 236 237
234 236 237
235 237 238
235 237 238
236 238 239
240 242 243
241 243 244
241 243 244
242 244 245
242 244 245
243 245 246
243 245 246
244 246 247
244 246 247
245 247 248
245 247 248
246 248 249
246 248 249
247 249 250
247 249 250
248 250 251
248 250 251
249 251 252
249 251 252
250 252 253
250 252 253
251 253 254
251 253 254
252 254 255
252 254 255
253 255 256
253 255 256
254 256 257
254 256 257
255 257 258
255 257 258
256 258 259
260 262 263
261 263 264
261 263 264
262 264 265
262 264 265
263 265 266
263 265 266
264 266 267
264 266 267
265 267 268
265 267 268
266 268 269
266 268 269
267 269 270
267 269 270
268 270 271
268 270 271
269 271 272
269 271 272
270 272 273
270 272 273
271 273 274
271 273 274
272 274 275
272 274 275
273 275 276
273 275 276
274 276 277
274 276 277
275 277 278
275 277 278
276 278 279
280 282 283
281 283 284
281 283 284
282 284 285
282 284 285
283 285 286
283 285 286
284 286 287
284 286 287
285 287 288
285 287 288
286 288 289
286 288 289
287 289 290
287 289 290
288 290 291
288 290 291
289 291 292
289 291 292
290 292 293
290 292 293
291 293 294
291 293 294
292 294 295
292 294 295
293 295 296
293 295 296
294 296 297
294 296 297
295 297 298
295 297 298
296 298 299
300 302 303
301 303 304
301 303 304
302 304 305
302 304 305
303 305 306
303 305 306
304 306 307
304 306 307
305 307 308
305 307 308
306 308 309
306 308 309
307 309 310
307 309 310
308 310 311
308 310 311
309 311 312
309 311 312
310 312 313
310 312 313
311 313 314
311 313 314
312 314 315
312 314 315
313 315 316
313 315 316
314 316 317
314 316 317
315 317 318
315 317 318
316 318 319
320 322 323
321 323 324
321 323 324
322 324 325
322 324 325
323 325 326
323 325 326
324 326 327
324 326 327
325 327 328
325 327 328
326 328 329
326 328 329
327 329 330
327 329 330
328 330 331
328 330 331
329 331 332
329 331 332
330 332 333
330 332 333
331 333 334
331 333 334
332 334 335
332 334 335
333 335 336
333 335 336
334 336 337
334 336 337
335 337 338
335 337 338
336 338 339
340 342 343
341 343 344
341 343 344
342 344 345
342 344 345
343 345 346
343 345 346
344 346 347
344 346 347
345 347 348
345 347 348
346 348 349
346 348 349
347 349 350
347 349 350
348 350 351
348 350 351
349 351 352
349 351 352
350 352 353
350 352 353
351 353 354
351 353 354
352 354 355
352 354 355
353 355 356
353 355 356
354 356 357
354 356 357
355 357 358
355 357 358
356 358 359
360 362 363
361 363 364
361 363 364
362 364 365
362 364 365
363 365 366
363 365 366
364 366 367
364 366 367
365 367 368
365 367 368
366 368 369
366 368 369
367 369 370
367 369 370
368 370 371
368 370 371
369 371 372
369 371 372
370 372 373
370 372 373
371 373 374
371 373 374
372 374 375
372 374 375
373 375 376
373 375 376
374 376 377
374 376 377
375 377 378
375 377 378
376 378 379
380 382 383
381 383 384
381 383 384
382 384 385
382 384 385
383 385 386
383 385 386
384 386 387
384 386 387
385 387 388
385 387 388
386 388 389
386 388 389
387 389 390
387 389 390
388 390 391
388 390 391
389 391 392
389 391 392
390 392 393
390 392 393
391 393 394
391 393 394
392 394 395
392 394 395
393 395 396
393 395 396
394 396 397
394 396 397
395 397 398
395 397 398
396 398 399
0 40 60
20 60 80
20 60 80
40 80 100
40 80 100
60 100 120
60 100 120
80 120 140
80 120 140
100 140 160
100 140 160
120 160 180
120 160 180
140 180 200
140 180 200
160 200 220
160 200 220
180 220 240
180 220 240
200 240 260
200 240 260
220 260 280
220 260 280
240 280 300
240 280 300
260 300 320
260 300 320
280 320 340
280 320 340
300 340 360
300 340 360
320 360 380
1 41 61
21 61 81
21 61 81
41 81 101
41 81 101
61 101 121
61 101 121
81 121 141
81 121 141
101 141 161
101 141 161
121 161 181
121 161 181
141 181 201
141 181 201
161 201 221
161 201 221
181 221 241
181 221 241
201 241 261
201 241 261
221 261 281
221 261 281
241 281 301
241 281 301
261 301 321
261 301 321
281 321 341
281 321 341
301 341 361
301 341 361
321 361 381
2 42 62
22 62 82
22 62 82
42 82 102
42 82 102
62 102 122
62 102 122
82 122 142
82 122 142
102 142 162
102 142 162
122 162 182
122 162 182
142 182 202
142 182 202
162 202 222
162 202 222
182 222 242
182 222 242
202 242 262
202 242 262
222 262 282
222 262 282
242 282 302
242 282 302
262 302 322
262 302 322
282 322 342
282 322 342
302 342 362
302 342 362
322 362 382
3 43 63
23 63 83
23 63 83
43 83 103
43 83 103
63 103 123
63 103 123
83 123 143
83 123 143
103 143 163
103 143 163
123 163 183
123 163 183
143 183 203
143 183 203
163 203 223
163 203 223
183 223 243
183 223 243
203 243 263
203 243 263
223 263 283
223 263 283
243 283 303
243 283 303
263 303 323
263 303 323
283 323 343
283 323 343
303 343 363
303 343 363
323 363 383
4 44 64
24 64 84
24 64 84
44 84 104
44 84 104
64 104 124
64 104 124
84 124 144
84 124 144
104 144 164
104 144 164
124 164 184
124 164 184
144 184 204
144 184 204
164 204 224
164 204 224
184 224 244
184 224 244
204 244 264
204 244 264
224 264 284
224 264 284
244 284 304
244 284 304
264 304 324
264 304 324
284 324 344
284 324 344
304 344 364
304 344 364
324 364 384
5 45 65
25 65 85
25 65 85
45 85 105
45 85 105
65 105 125
65 105 125
85 125 145
85 125 145
105 145 165
105 145 165
125 165 185
125 165 185
145 185 205
145 185 205
165 205 225
165 205 225
185 225 245
185 225 245
205 245 265
205 245 265
225 265 285
225 265 285
245 285 305
245 285 305
265 305 325
265 305 325
285 325 345
285 325 345
305 345 365
305 345 365
325 365 385
6 46 66
26 66 86
26 66 86
46 86 106
46 86 106
66 106 126
66 106 126
86 126 146
86 126 146
106 146 166
106 146 166
126 166 186
126 166 186
146 186 206
146 186 206
166 206 226
166 206 226
186 226 246
186 226 246
206 246 266
206 246 266
226 266 286
226 266 286
246 286 306
246 286 306
266 306 326
266 306 326
286 326 346
286 326 346
306 346 366
306 346 366
326 366 386
7 47 67
27 67 87
27 67 87
47 87 107
47 87 107
67 107 127
67 107 127
87 127 147
87 127 147
107 147 167
107 147 167
127 167 187
127 167 187
147 187 207
147 187 207
167 207 227
167 207 227
187 227 247
187 227 247
207 247 267
207 247 267
227 267 287
227 267 287
247 287 307
247 287 307
267 307 327
267 307 327
287 327 347
287 327 347
307 347 367
307 347 367
327 367 387
8 48 68
28 68 88
28 68 88
48 88 108
48 88 108
68 108 128
68 108 128
88 128 148
88 128 148
108 148 168
108 148 168
128 168 188
128 168 188
148 188 208
148 188 208
168 208 228
168 208 228
188 228 248
188 228 248
208 248 268
208 248 268
228 268 288
228 268 288
248 288 308
248 288 308
268 308 328
268 308 328
288 328 348
288 328 348
308 348 368
308 348 368
328 368 388
9 49 69
29 69 89
29 69 89
49 89 109
49 89 109
69 109 129
69 109 129
89 129 149
89 129 149
109 149 169
109 149 169
129 169 189
129 169 189
149 189 209
149 189 209
169 209 229
169 209 229
189 229 249
189 229 249
209 249 269
209 249 269
229 269 289
229 269 289
249 289 309
249 289 309
269 309 329
269 309 329
289 329 349
289 329 349
309 349 369
309 349 369
329 369 389
10 50 70
30 70 90
30 70 90
50 90 110
50 90 110
70 110 130
70 110 130
90 130 150
90 130 150
110 150 170
110 150 170
130 170 190
130 170 190
150 190 210
150 190 210
170 210 230
170 210 230
190 230 250
190 230 250
210 250 270
210 250 270
230 270 290
230 270 290
250 290 310
250 290 310
270 310 330
270 310 330
290 330 350
290 330 350
310 350 370
310 350 370
330 370 390
11 51 71
31 71 91
31 71 91
51 91 111
51 91 111
71 111 131
71 111 131
91 131 151
91 131 151
111 151 171
111 151 171
131 171 191
131 171 191
151 191 211
151 191 211
171 211 231
171 211 231
191 231 251
191 231 251
211 251 271
211 251 271
231 271 291
231 271 291
251 291 311
251 291 311
271 311 331
271 311 331
291 331 351
291 331 351
311 351 371
311 351 371
331 371 391
12 52 72
32 72 92
32 72 92
52 92 112
52 92 112
72 112 132
72 112 132
92 132 152
92 132 152
112 152 172
112 152 172
132 172 192
132 172 192
152 192 212
152 192 212
172 212 232
172 212 232
192 232 252
192 232 252
212 252 272
212 252 272
232 272 292
232 272 292
252 292 312
252 292 312
272 312 332
272 312 332
292 332 352
292 332 352
312 352 372
312 352 372
332 372 392
13 53 73
33 73 93
33 73 93
53 93 113
53 93 113
73 113 133
73 113 133
93 133 153
93 133 153
113 153 173
113 153 173
133 173 193
133 173 193
153 193 213
153 193 213
173 213 233
173 213 233
193 233 253
193 233 253
213 253 273
213 253 273
233 273 293
233 273 293
253 293 313
253 293 313
273 313 333
273 313 333
293 333 353
293 333 353
313 353 373
313 353 373
333 373 393
14 54 74
34 74 94
34 74 94
54 94 114
54 94 114
74 114 134
74 114 134
94 134 154
94 134 154
114 154 174
114 154 174
134 174 194
134 174 194
154 194 214
154 194 214
174 214 234
174 214 234
194 234 254
194 234 254
214 254 274
214 254 274
234 274 294
234 274 294
254 294 314
254 294 314
274 314 334
274 314 334
294 334 354
294 334 354
314 354 374
314 354 374
334 374 394
15 55 75
35 75 95
35 75 95
55 95 115
55 95 115
75 115 135
75 115 135
95 135 155
95 135 155
115 155 175
115 155 175
135 175 195
135 175 195
155 195 215
155 195 215
175 215 235
175 215 235
195 235 255
195 235 255
215 255 275
215 255 275
235 275 295
235 275 295
255 295 315
255 295 315
275 315 335
275 315 335
295 335 355
295 335 355
315 355 375
315 355 375
335 375 395
16 56 76
36 76 96
36 76 96
56 96 116
56 96 116
76 116 136
76 116 136
96 136 156
96 136 156
116 156 176
116 156 176
136 176 196
136 176 196
156 196 216
156 196 216
176 216 236
176 216 236
196 236 256
196 236 256
216 256 276
216 256 276
236 276 296
236 276 296
256 296 316
256 296 316
276 316 336
276 316 336
296 336 356
296 336 356
316 356 376
316 356 376
336 376 396
17 57 77
37 77 97
37 77 97
57 97 117
57 97 117
77 117 137
77 117 137
97 137 157
97 137 157
117 157 177
117 157 177
137 177 197
137 177 197
157 197 217
157 197 217
177 217 237
177 217 237
197 237 257
197 237 257
217 257 277
217 257 277
237 277 297
237 277 297
257 297 317
257 297 317
277 317 337
277 317 337
297 337 357
297 337 357
317 357 377
317 357 377
337 377 397
18 58 78
38 78 98
38 78 98
58 98 118
58 98 118
78 118 138
78 118 138
98 138 158
98 138 158
118 158 178
118 158 178
138 178 198
138 178 198
158 198 218
158 198 218
178 218 238
178 218 238
198 238 258
198 238 258
218 258 278
218 258 278
238 278 298
238 278 298
258 298 318
258 298 318
278 318 338
278 318 338
298 338 358
298 338 358
318 358 378
318 358 378
338 378 398
19 59 79
39 79 99
39 79 99
59 99 119
59 99 119
79 119 139
79 119 139
99 139 159
99 139 159
119 159 179
119 159 179
139 179 199
139 179 199
159 199 219
159 199 219
179 219 239
179 219 239
199 239 259
199 239 259
219 259 279
219 259 279
239 279 299
239 279 299
259 299 319
259 299 319
279 319 339
279 319 339
299 339 359
299 339 359
319 359 379
319 359 379
339 379 399
0 42 63
21 63 84
21 63 84
42 84 105
42 84 105
63 105 126
63 105 126
84 126 147
84 126 147
105 147 168
105 147 168
126 168 189
126 168 189
147 189 210
147 189 210
168 210 231
168 210 231
189 231 252
189 231 252
210 252 273
210 252 273
231 273 294
231 273 294
252 294 315
252 294 315
273 315 336
273 315 336
294 336 357
294 336 357
315 357 378
315 357 378
336 378 399
1 43 64
22 64 85
22 64 85
43 85 106
43 85 106
64 106 127
64 106 127
85 127 148
85 127 148
106 148 169
106 148 169
127 169 190
127 169 190
148 190 211
148 190 211
169 211 232
169 211 232
190 232 253
190 232 253
211 253 274
211 253 274
232 274 295
232 274 295
253 295 316
253 295 316
274 316 337
274 316 337
295 337 358
295 337 358
316 358 379
2 44 65
23 65 86
23 65 86
44 86 107
44 86 107
65 107 128
65 107 128
86 128 149
86 128 149
107 149 170
107 149 170
128 170 191
128 170 191
149 191 212
149 191 212
170 212 233
170 212 233
191 233 254
191 233 254
212 254 275
212 254 275
233 275 296
233 275 296
254 296 317
254 296 317
275 317 338
275 317 338
296 338 359
3 45 66
24 66 87
24 66 87
45 87 108
45 87 108
66 108 129
66 108 129
87 129 150
87 129 150
108 150 171
108 150 171
129 171 192
129 171 192
150 192 213
150 192 213
171 213 234
171 213 234
192 234 255
192 234 255
213 255 276
213 255 276
234 276 297
234 276 297
255 297 318
255 297 318
276 318 339
4 46 67
25 67 88
25 67 88
46 88 109
46 88 109
67 109 130
67 109 130
88 130 151
88 130 151
109 151 172
109 151 172
130 172 193
130 172 193
151 193 214
151 193 214
172 214 235
172 214 235
193 235 256
193 235 256
214 256 277
214 256 277
235 277 298
235 277 298
256 298 319
5 47 68
26 68 89
26 68 89
47 89 110
47 89 110
68 110 131
68 110 131
89 131 152
89 131 152
110 152 173
110 152 173
131 173 194
131 173 194
152 194 215
152 194 215
173 215 236
173 215 236
194 236 257
194 236 257
215 257 278
215 257 278
236 278 299
6 48 69
27 69 90
27 69 90
48 90 111
48 90 111
69 111 132
69 111 132
90 132 153
90 132 153
111 153 174
111 153 174
132 174 195
132 174 195
153 195 216
153 195 216
174 216 237
174 216 237
195 237 258
195 237 258
216 258 279
7 49 70
28 70 91
28 70 91
49 91 112
49 91 112
70 112 133
70 112 133
91 133 154
91 133 154
112 154 175
112 154 175
133 175 196
133 175 196
154 196 217
154 196 217
175 217 238
175 217 238
196 238 259
8 50 71
29 71 92
29 71 92
50 92 113
50 92 113
71 113 134
71 113 134
92 134 155
92 134 155
113 155 176
113 155 176
134 176 197
134 176 197
155 197 218
155 197 218
176 218 239
9 51 72
30 72 93
30 72 93
51 93 114
51 93 114
72 114 135
72 114 135
93 135 156
93 135 156
114 156 177
114 156 177
135 177 198
135 177 198
156 198 219
10 52 73
31 73 94
31 73 94
52 94 115
52 94 115
73 115 136
73 115 136
94 136 157
94 136 157
115 157 178
115 157 178
136 178 199
11 53 74
32 74 95
32 74 95
53 95 116
53 95 116
74 116 137
74 116 137
95 137 158
95 137 158
116 158 179
12 54 75
33 75 96
33 75 96
54 96 117
54 96 117
75 117 138
75 117 138
96 138 159
13 55 76
34 76 97
34 76 97
55 97 118
55 97 118
76 118 139
14 56 77
35 77 98
35 77 98
56 98 119
15 57 78
36 78 99
20 62 83
41 83 104
41 83 104
62 104 125
62 104 125
83 125 146
83 125 146
104 146 167
104 146 167
125 167 188
125 167 188
146 188 209
146 188 209
167 209 230
167 209 230
188 230 251
188 230 251
209 251 272
209 251 272
230 272 293
230 272 293
251 293 314
251 293 314
272 314 335
272 314 335
293 335 356
293 335 356
314 356 377
314 356 377
335 377 398
40 82 103
61 103 124
61 103 124
82 124 145
82 124 145
103 145 166
103 145 166
124 166 187
124 166 187
145 187 208
145 187 208
166 208 229
166 208 229
187 229 250
187 229 250
208 250 271
208 250 271
229 271 292
229 271 292
250 292 313
250 292 313
271 313 334
271 313 334
292 334 355
292 334 355
313 355 376
313 355 376
334 376 397
60 102 123
81 123 144
81 123 144
102 144 165
102 144 165
123 165 186
123 165 186
144 186 207
144 186 207
165 207 228
165 207 228
186 228 249
186 228 249
207 249 270
207 249 270
228 270 291
228 270 291
249 291 312
249 291 312
270 312 333
270 312 333
291 333 354
291 333 354
312 354 375
312 354 375
333 375 396
80 122 143
101 143 164
101 143 164
122 164 185
122 164 185
143 185 206
143 185 206
164 206 227
164 206 227
185 227 248
185 227 248
206 248 269
206 248 269
227 269 290
227 269 290
248 290 311
248 290 311
269 311 332
269 311 332
290 332 353
290 332 353
311 353 374
311 353 374
332 374 395
100 142 163
121 163 184
121 163 184
142 184 205
142 184 205
163 205 226
163 205 226
184 226 247
184 226 247
205 247 268
205 247 268
226 268 289
226 268 289
247 289 310
247 289 310
268 310 331
268 310 331
289 331 352
289 331 352
310 352 373
310 352 373
331 373 394
120 162 183
141 183 204
141 183 204
162 204 225
162 204 225
183 225 246
183 225 246
204 246 267
204 246 267
225 267 288
225 267 288
246 288 309
246 288 309
267 309 330
267 309 330
288 330 351
288 330 351
309 351 372
309 351 372
330 372 393
140 182 203
161 203 224
161 203 224
182 224 245
182 224 245
203 245 266
203 245 266
224 266 287
224 266 287
245 287 308
245 287 308
266 308 329
266 308 329
287 329 350
287 329 350
308 350 371
308 350 371
329 371 392
160 202 223
181 223 244
181 223 244
202 244 265
202 244 265
223 265 286
223 265 286
244 286 307
244 286 307
265 307 328
265 307 328
286 328 349
286 328 349
307 349 370
307 349 370
328 370 391
180 222 243
201 243 264
201 243 264
222 264 285
222 264 285
243 285 306
243 285 306
264 306 327
264 306 327
285 327 348
285 327 348
306 348 369
306 348 369
327 369 390
200 242 263
221 263 284
221 263 284
242 284 305
242 284 305
263 305 326
263 305 326
284 326 347
284 326 347
305 347 368
305 347 368
326 368 389
220 262 283
241 283 304
241 283 304
262 304 325
262 304 325
283 325 346
283 325 346
304 346 367
304 346 367
325 367 388
240 282 303
261 303 324
261 303 324
282 324 345
282 324 345
303 345 366
303 345 366
324 366 387
260 302 323
281 323 344
281 323 344
302 344 365
302 344 365
323 365 386
280 322 343
301 343 364
301 343 364
322 364 385
300 342 363
321 363 384
4 42 61
23 61 80
5 43 62
24 62 81
24 62 81
43 81 100
6 44 63
25 63 82
25 63 82
44 82 101
44 82 101
63 101 120
7 45 64
26 64 83
26 64 83
45 83 102
45 83 102
64 102 121
64 102 121
83 121 140
8 46 65
27 65 84
27 65 84
46 84 103
46 84 103
65 103 122
65 103 122
84 122 141
84 122 141
103 141 160
9 47 66
28 66 85
28 66 85
47 85 104
47 85 104
66 104 123
66 104 123
85 123 142
85 123 142
104 142 161
104 142 161
123 161 180
10 48 67
29 67 86
29 67 86
48 86 105
48 86 105
67 105 124
67 105 124
86 124 143
86 124 143
105 143 162
105 143 162
124 162 181
124 162 181
143 181 200
11 49 68
30 68 87
30 68 87
49 87 106
49 87 106
68 106 125
68 106 125
87 125 144
87 125 144
106 144 163
106 144 163
125 163 182
125 163 182
144 182 201
144 182 201
163 201 220
12 50 69
31 69 88
31 69 88
50 88 107
50 88 107
69 107 126
69 107 126
88 126 145
88 126 145
107 145 164
107 145 164
126 164 183
126 164 183
145 183 202
145 183 202
164 202 221
164 202 221
183 221 240
13 51 70
32 70 89
32 70 89
51 89 108
51 89 108
70 108 127
70 108 127
89 127 146
89 127 146
108 146 165
108 146 165
127 165 184
127 165 184
146 184 203
146 184 203
165 203 222
165 203 222
184 222 241
184 222 241
203 241 260
14 52 71
33 71 90
33 71 90
52 90 109
52 90 109
71 109 128
71 109 128
90 128 147
90 128 147
109 147 166
109 147 166
128 166 185
128 166 185
147 185 204
147 185 204
166 204 223
166 204 223
185 223 242
185 223 242
204 242 261
204 242 261
223 261 280
15 53 72
34 72 91
34 72 91
53 91 110
53 91 110
72 110 129
72 110 129
91 129 148
91 129 148
110 148 167
110 148 167
129 167 186
129 167 186
148 186 205
148 186 205
167 205 224
167 205 224
186 224 243
186 224 243
205 243 262
205 243 262
224 262 281
224 262 281
243 281 300
16 54 73
35 73 92
35 73 92
54 92 111
54 92 111
73 111 130
73 111 130
92 130 149
92 130 149
111 149 168
111 149 168
130 168 187
130 168 187
149 187 206
149 187 206
168 206 225
168 206 225
187 225 244
187 225 244
206 244 263
206 244 263
225 263 282
225 263 282
244 282 301
244 282 301
263 301 320
17 55 74
36 74 93
36 74 93
55 93 112
55 93 112
74 112 131
74 112 131
93 131 150
93 131 150
112 150 169
112 150 169
131 169 188
131 169 188
150 188 207
150 188 207
169 207 226
169 207 226
188 226 245
188 226 245
207 245 264
207 245 264
226 264 283
226 264 283
245 283 302
245 283 302
264 302 321
264 302 321
283 321 340
18 56 75
37 75 94
37 75 94
56 94 113
56 94 113
75 113 132
75 113 132
94 132 151
94 132 151
113 151 170
113 151 170
132 170 189
132 170 189
151 189 208
151 189 208
170 208 227
170 208 227
189 227 246
189 227 246
208 246 265
208 246 265
227 265 284
227 265 284
246 284 303
246 284 303
265 303 322
265 303 322
284 322 341
284 322 341
303 341 360
19 57 76
38 76 95
38 76 95
57 95 114
57 95 114
76 114 133
76 114 133
95 133 152
95 133 152
114 152 171
114 152 171
133 171 190
133 171 190
152 190 209
152 190 209
171 209 228
171 209 228
190 228 247
190 228 247
209 247 266
209 247 266
228 266 285
228 266 285
247 285 304
247 285 304
266 304 323
266 304 323
285 323 342
285 323 342
304 342 361
304 342 361
323 361 380
39 77 96
58 96 115
58 96 115
77 115 134
77 115 134
96 134 153
96 134 153
115 153 172
115 153 172
134 172 191
134 172 191
153 191 210
153 191 210
172 210 229
172 210 229
191 229 248
191 229 248
210 248 267
210 248 267
229 267 286
229 267 286
248 286 305
248 286 305
267 305 324
267 305 324
286 324 343
286 324 343
305 343 362
305 343 362
324 362 381
59 97 116
78 116 135
78 116 135
97 135 154
97 135 154
116 154 173
116 154 173
135 173 192
135 173 192
154 192 211
154 192 211
173 211 230
173 211 230
192 230 249
192 230 249
211 249 268
211 249 268
230 268 287
230 268 287
249 287 306
249 287 306
268 306 325
268 306 325
287 325 344
287 325 344
306 344 363
306 344 363
325 363 382
79 117 136
98 136 155
98 136 155
117 155 174
117 155 174
136 174 193
136 174 193
155 193 212
155 193 212
174 212 231
174 212 231
193 231 250
193 231 250
212 250 269
212 250 269
231 269 288
231 269 288
250 288 307
250 288 307
269 307 326
269 307 326
288 326 345
288 326 345
307 345 364
307 345 364
326 364 383
99 137 156
118 156 175
118 156 175
137 175 194
137 175 194
156 194 213
156 194 213
175 213 232
175 213 232
194 232 251
194 232 251
213 251 270
213 251 270
232 270 289
232 270 289
251 289 308
251 289 308
270 308 327
270 308 327
289 327 346
289 327 346
308 346 365
308 346 365
327 365 384
119 157 176
138 176 195
138 176 195
157 195 214
157 195 214
176 214 233
176 214 233
195 233 252
195 233 252
214 252 271
214 252 271
233 271 290
233 271 290
252 290 309
252 290 309
271 309 328
271 309 328
290 328 347
290 328 347
309 347 366
309 347 366
328 366 385
139 177 196
158 196 215
158 196 215
177 215 234
177 215 234
196 234 253
196 234 253
215 253 272
215 253 272
234 272 291
234 272 291
253 291 310
253 291 310
272 310 329
272 310 329
291 329 348
291 329 348
310 348 367
310 348 367
329 367 386
159 197 216
178 216 235
178 216 235
197 235 254
197 235 254
216 254 273
216 254 273
235 273 292
235 273 292
254 292 311
254 292 311
273 311 330
273 311 330
292 330 349
292 330 349
311 349 368
311 349 368
330 368 387
179 217 236
198 236 255
198 236 255
217 255 274
217 255 274
236 274 293
236 274 293
255 293 312
255 293 312
274 312 331
274 312 331
293 331 350
293 331 350
312 350 369
312 350 369
331 369 388
199 237 256
218 256 275
218 256 275
237 275 294
237 275 294
256 294 313
256 294 313
275 313 332
275 313 332
294 332 351
294 332 351
313 351 370
313 351 370
332 370 389
219 257 276
238 276 295
238 276 295
257 295 314
257 295 314
276 314 333
276 314 333
295 333 352
295 333 352
314 352 371
314 352 371
333 371 390
239 277 296
258 296 315
258 296 315
277 315 334
277 315 334
296 334 353
296 334 353
315 353 372
315 353 372
334 372 391
259 297 316
278 316 335
278 316 335
297 335 354
297 335 354
316 354 373
316 354 373
335 373 392
279 317 336
298 336 355
298 336 355
317 355 374
317 355 374
336 374 393
299 337 356
318 356 375
318 356 375
337 375 394
319 357 376
338 376 395
